  3317.41187  3.06292196E-15
  3321.46875  3.9872509E-15
  3325.52588  2.62592707E-15
  3329.58301  4.03534797E-15
  3333.64014  2.73918808E-15
  3337.69727  8.08822126E-16
  3341.75439  9.26744042E-16
  3345.81152  1.32905297E-14
  3349.86865  1.89346994E-15
  3353.92578  2.7273599E-15
  3357.98291  4.5972421E-15
  3362.03979  2.94478691E-15
  3366.09692  1.49581995E-15
  3382.32544  3.01374704E-15
  3394.49683  2.75426802E-15
  3398.55396  3.14067895E-15
  3410.7251  3.98889487E-17
  3414.78223  3.26887506E-15
  3418.83936  5.42477508E-15
  3422.89648  3.24342997E-15
  3426.95361  5.28495492E-15
  3431.01074  1.24963099E-15
  3435.06787  2.94767699E-15
  3447.23901  5.86954191E-15
  3451.29614  3.73982707E-15
  3455.35327  1.90668302E-15
  3459.4104  1.392784E-15
  3463.46753  2.55574997E-15
  3467.52466  1.35128405E-15
  3475.63892  1.01700599E-15
  3479.69604  1.86479809E-15
  3483.75293  1.46777098E-15
  3487.81006  8.56000697E-16
  3499.98145  1.01084203E-15
  3504.03857  2.62367206E-15
  3508.0957  1.31350596E-15
  3512.15283  2.73164801E-15
  3516.20996  4.51926382E-15
  3520.26709  3.58145181E-15
  3524.32397  4.991231E-15
  3528.3811  3.71525507E-15
  3532.43823  5.11935194E-15
  3536.49536  4.00069501E-15
  3540.55249  1.508883E-15
  3544.60962  9.83022499E-16
  3548.66675  3.05224299E-15
  3552.72388  3.893298E-15
  3556.78101  5.209544E-15
  3560.83813  4.58433882E-15
  3564.89526  5.82836298E-15
  3568.95215  4.37322899E-15
  3573.00928  3.16192296E-15
  3577.06641  1.94759408E-15
  3581.12354  1.04985605E-15
  3585.18066  4.84052097E-15
  3589.23779  4.56590103E-15
  3593.29492  4.23157501E-15
  3597.35205  4.27518196E-15
  3601.40918  4.0942121E-15
  3605.46631  4.54812012E-15
  3609.52319  3.1087871E-15
  3613.58032  3.39657501E-15
  3617.63745  3.41281602E-15
  3621.69458  2.66101308E-15
  3625.75171  4.99078208E-15
  3629.80884  5.19391498E-15
  3633.86597  4.48344703E-15
  3637.9231  1.69438501E-15
  3641.98022  3.30733797E-15
  3646.03735  5.70794497E-15
  3650.09424  5.96143694E-15
  3654.15137  4.11467388E-15
  3658.2085  3.98347313E-15
  3662.26562  6.72592017E-15
  3666.32275  4.98704793E-15
  3670.37988  4.29067801E-15
  3674.43701  4.41323986E-15
  3678.49414  3.66780089E-15
  3682.55127  5.07318483E-15
  3686.6084  3.66613308E-15
  3690.66528  3.90032202E-15
  3694.72241  4.32471391E-15
  3698.77954  2.42521796E-15
  3702.83667  1.742196E-15
  3706.8938  1.93228205E-15
  3710.95093  2.10276691E-15
  3715.00806  2.12344193E-15
  3719.06519  1.77671699E-16
  3723.12231  2.37327488E-16
  3727.17944  1.76089404E-15
  3731.23633  2.08570301E-15
  3735.29346  2.158547E-15
  3739.35059  3.27942104E-15
  3743.40771  3.23373611E-15
  3747.46484  2.71119809E-15
  3751.52197  2.00172308E-15
  3755.5791  2.54708991E-15
  3759.63623  2.06555506E-15
  3763.69336  2.40313009E-15
  3767.75049  2.68410892E-15
  3771.80737  2.79584104E-15
  3775.8645  2.57402195E-15
  3779.92163  3.24117898E-15
  3783.97876  3.23167295E-15
  3788.03589  2.70038E-15
  3792.09302  1.52962705E-15
  3796.15015  2.02080907E-15
  3800.20728  1.76527405E-15
  3804.2644  1.13994605E-15
  3808.32153  2.38672793E-15
  3812.37842  2.99747702E-15
  3816.43555  2.71281593E-15
  3820.49268  3.04847009E-15
  3824.5498  3.00378805E-15
  3828.60693  3.37343196E-15
  3832.66406  2.84019592E-15
  3836.72119  3.59843482E-15
  3840.77832  2.9276851E-15
  3844.83545  3.20314699E-15
  3848.89258  3.48788305E-15
  3852.94971  3.36450804E-15
  3857.00659  4.95421482E-15
  3861.06372  4.06300402E-15
  3865.12085  3.31846799E-15
  3869.17798  4.53213195E-15
  3873.23511  5.25848091E-15
  3877.29224  5.44860381E-15
  3881.34937  5.52433787E-15
  3885.40649  5.34048598E-15
  3889.46362  5.84428297E-15
  3893.52075  5.33693014E-15
  3897.57764  5.42609391E-15
  3901.63477  6.45171698E-15
  3905.69189  6.20212982E-15
  3909.74902  6.89267089E-15
  3913.80615  7.91905502E-15
  3917.86328  7.39825681E-15
  3921.92041  6.64755692E-15
  3925.97754  7.30508065E-15
  3930.03467  7.12386726E-15
  3934.0918  6.48341295E-15
  3938.14868  6.26630104E-15
  3942.20581  6.51114989E-15
  3946.26294  6.47464785E-15
  3950.32007  6.3870189E-15
  3954.3772  7.10154795E-15
  3958.43433  7.23257971E-15
  3962.49146  6.04465708E-15
  3966.54858  5.70265906E-15
  3970.60571  5.69748792E-15
  3974.66284  5.24666692E-15
  3978.71973  6.25831606E-15
  3982.77686  6.04737309E-15
  3986.83398  5.71379712E-15
  3990.89111  5.31603595E-15
  3994.94824  4.09674219E-15
  3999.00537  4.37730618E-15
  4003.0625  4.79788599E-15
  4007.11963  4.4151838E-15
  4011.17676  4.36746408E-15
  4015.23389  4.73777206E-15
  4019.29077  4.82829193E-15
  4023.3479  4.88819792E-15
  4027.40503  4.80350987E-15
  4031.46216  4.92423705E-15
  4035.51929  4.75877298E-15
  4039.57642  5.36670589E-15
  4043.63354  5.59946885E-15
  4047.69067  5.26271099E-15
  4051.7478  5.15946191E-15
  4055.80493  5.32430384E-15
  4059.86182  5.39817782E-15
  4063.91895  5.48536588E-15
  4067.97607  6.03638199E-15
  4072.0332  6.22714398E-15
  4076.09033  5.98555197E-15
  4080.14746  6.25128907E-15
  4084.20459  6.38040188E-15
  4088.26172  6.2629019E-15
  4092.31885  6.28444703E-15
  4096.37598  6.25888188E-15
  4100.43311  6.94203597E-15
  4104.49023  6.85460904E-15
  4108.54736  6.15516481E-15
  4112.60449  6.20435794E-15
  4116.66162  6.37389116E-15
  4120.71875  6.52610807E-15
  4124.77539  6.74231704E-15
  4128.83252  6.2351891E-15
  4132.88965  5.95056019E-15
  4136.94678  6.21548499E-15
  4141.00391  6.55996821E-15
  4145.06104  6.36846804E-15
  4149.11816  6.5736012E-15
  4153.17529  6.15836321E-15
  4157.23242  5.9801822E-15
  4161.28955  6.17127707E-15
  4165.34668  5.70686712E-15
  4169.40381  5.90288409E-15
  4173.46094  6.0591892E-15
  4177.51807  5.97841402E-15
  4181.5752  6.11251586E-15
  4185.63232  5.9420149E-15
  4189.68945  5.84520793E-15
  4193.74658  6.4143192E-15
  4197.80371  5.97998103E-15
  4201.86084  5.92484004E-15
  4205.91748  5.94955519E-15
  4209.97461  5.63956908E-15
  4214.03174  5.66764102E-15
  4218.08887  5.78822717E-15
  4222.146  5.66093718E-15
  4226.20312  5.45401804E-15
  4230.26025  5.5617259E-15
  4234.31738  5.70436117E-15
  4238.37451  5.61210319E-15
  4242.43164  5.42121203E-15
  4246.48877  5.28429382E-15
  4250.5459  5.19798497E-15
  4254.60303  5.29811909E-15
  4258.66016  5.03553379E-15
  4262.71729  4.94750716E-15
  4266.77441  4.82069701E-15
  4270.83154  4.45035981E-15
  4274.88867  4.77864479E-15
  4278.9458  4.69081298E-15
  4283.00293  4.51525482E-15
  4287.05957  4.08242606E-15
  4291.1167  4.1617579E-15
  4295.17383  3.86063514E-15
  4299.23096  3.36712707E-15
  4303.28809  3.60602E-15
  4307.34521  3.43062108E-15
  4311.40234  3.15592109E-15
  4315.45947  3.23940805E-15
  4319.5166  3.14060399E-15
  4323.57373  3.21937297E-15
  4327.63086  3.16605097E-15
  4331.68799  3.11914398E-15
  4335.74512  3.09846706E-15
  4339.80225  3.54779199E-15
  4343.85938  3.49621298E-15
  4347.9165  3.53174898E-15
  4351.97363  3.42926794E-15
  4356.03076  3.66656211E-15
  4360.08789  3.77802402E-15
  4364.14502  3.36189198E-15
  4368.20166  3.82848008E-15
  4372.25879  3.81449302E-15
  4376.31592  3.63945197E-15
  4380.37305  3.73652195E-15
  4384.43018  3.91455091E-15
  4388.4873  3.9512088E-15
  4392.54443  4.11329999E-15
  4396.60156  3.8282878E-15
  4400.65869  4.20706399E-15
  4404.71582  4.42001994E-15
  4408.77295  3.95354915E-15
  4412.83008  4.19498107E-15
  4416.88721  4.11797095E-15
  4420.94434  3.92080794E-15
  4425.00146  4.18327507E-15
  4429.05859  4.38252518E-15
  4433.11572  4.5749088E-15
  4437.17285  4.50909096E-15
  4441.22998  4.35042983E-15
  4445.28711  4.45972715E-15
  4449.34424  4.60985908E-15
  4453.40088  4.43283512E-15
  4457.45801  4.25088016E-15
  4461.51514  4.4133E-15
  4465.57227  4.35735898E-15
  4469.62939  4.55986592E-15
  4473.68652  4.54586193E-15
  4477.74365  4.57617004E-15
  4481.80078  4.6025801E-15
  4485.85791  4.65155597E-15
  4489.91504  4.66811716E-15
  4493.97217  4.81595321E-15
  4498.0293  4.91409807E-15
  4502.08643  5.17715897E-15
  4506.14355  4.96278806E-15
  4510.20068  5.37366511E-15
  4514.25781  5.87267085E-15
  4518.31494  5.74888715E-15
  4522.37207  5.79780415E-15
  4526.4292  5.51259588E-15
  4530.48633  5.53046107E-15
  4534.54297  5.59948282E-15
  4538.6001  5.59025609E-15
  4542.65723  5.77208781E-15
  4546.71436  6.15037103E-15
  4550.77148  6.00973307E-15
  4554.82861  5.95477884E-15
  4558.88574  5.88339005E-15
  4562.94287  5.71049115E-15
  4567.  5.72390603E-15
  4571.05713  5.88278781E-15
  4575.11426  5.69222107E-15
  4579.17139  5.65665416E-15
  4583.22852  5.55600504E-15
  4587.28564  5.57241504E-15
  4591.34277  5.64955221E-15
  4595.3999  5.57933191E-15
  4599.45703  5.49798583E-15
  4603.51416  5.41662916E-15
  4607.57129  5.85293202E-15
  4611.62842  5.60980604E-15
  4615.68506  5.3266281E-15
  4619.74219  5.46237995E-15
  4623.79932  5.61226413E-15
  4627.85645  5.51193096E-15
  4631.91357  5.57171708E-15
  4635.9707  5.33680986E-15
  4640.02783  5.31737892E-15
  4644.08496  5.30771512E-15
  4648.14209  5.08974009E-15
  4652.19922  5.11370011E-15
  4656.25635  5.33287285E-15
  4660.31348  5.15642318E-15
  4664.37061  4.62323203E-15
  4668.42773  4.65700705E-15
  4672.48486  4.56698015E-15
  4676.54199  4.37550497E-15
  4680.59912  4.39613784E-15
  4684.65625  4.43899898E-15
  4688.71338  4.34371794E-15
  4692.77051  4.24523088E-15
  4696.82764  4.18782406E-15
  4700.88428  4.05876504E-15
  4704.94141  4.30816796E-15
  4708.99854  4.41759912E-15
  4713.05566  4.25061504E-15
  4717.11279  4.18454986E-15
  4721.16992  4.28522989E-15
  4725.22705  4.24074287E-15
  4729.28418  4.348333E-15
  4733.34131  4.14493921E-15
  4737.39844  4.14439203E-15
  4741.45557  4.248021E-15
  4745.5127  4.19924503E-15
  4749.56982  4.12598092E-15
  4753.62695  3.91162187E-15
  4757.68408  3.98656904E-15
  4761.74121  4.04360188E-15
  4765.79834  3.94264699E-15
  4769.85547  3.8324192E-15
  4773.9126  3.65438982E-15
  4777.96973  3.80872685E-15
  4782.02637  3.84036099E-15
  4786.0835  3.63941004E-15
  4790.14062  3.57096385E-15
  4794.19775  3.73941118E-15
  4798.25488  3.85482196E-15
  4802.31201  4.00333394E-15
  4806.36914  3.96714996E-15
  4810.42627  3.81022313E-15
  4814.4834  3.94765592E-15
  4818.54053  4.01957495E-15
  4822.59766  3.80652202E-15
  4826.65479  3.76587714E-15
  4830.71191  3.69721919E-15
  4834.76904  3.68027981E-15
  4838.82617  3.43373202E-15
  4842.8833  3.45694707E-15
  4846.94043  3.4518869E-15
  4850.99756  3.16653294E-15
  4855.05469  3.11281792E-15
  4859.11182  3.11579609E-15
  4863.16846  2.95361405E-15
  4867.22559  2.81385298E-15
  4871.28271  2.78387394E-15
  4875.33984  2.91119295E-15
  4879.39697  2.80681795E-15
  4883.4541  2.57725804E-15
  4887.51123  2.74847898E-15
  4891.56836  2.61434707E-15
  4895.62549  3.04637305E-15
  4899.68262  2.90707594E-15
  4903.73975  2.92889699E-15
  4907.79688  3.10987109E-15
  4911.854  2.93707594E-15
  4915.91113  3.0759669E-15
  4919.96826  2.93799201E-15
  4924.02539  3.19644294E-15
  4928.08252  3.20123291E-15
  4932.13965  3.20597905E-15
  4936.19678  3.36327603E-15
  4940.25391  3.49050991E-15
  4944.31104  3.45031502E-15
  4948.36768  3.70394209E-15
  4952.4248  3.6769569E-15
  4956.48193  3.79961404E-15
  4960.53906  3.48601598E-15
  4964.59619  3.69161904E-15
  4968.65332  3.6474721E-15
  4972.71045  3.88101306E-15
  4976.76758  3.56105018E-15
  4980.82471  3.48315195E-15
  4984.88184  3.84375208E-15
  4988.93896  3.72636306E-15
  4992.99609  3.69587495E-15
  4997.05322  3.75510797E-15
  5001.11035  3.77847083E-15
  5005.16748  3.78150702E-15
  5009.22461  3.85766206E-15
  5013.28174  3.70024395E-15
  5017.33887  3.84988206E-15
  5021.396  3.77817098E-15
  5025.45312  3.69853082E-15
  5029.50977  3.67676504E-15
  5033.56689  3.94562812E-15
  5037.62402  3.8069701E-15
  5041.68115  3.79984613E-15
  5045.73828  3.9395261E-15
  5049.79541  3.90694413E-15
  5053.85254  4.07432716E-15
  5057.90967  4.10641996E-15
  5061.9668  3.87845587E-15
  5066.02393  3.9399691E-15
  5070.08105  3.98193195E-15
  5074.13818  3.98628697E-15
  5078.19531  4.16734704E-15
  5082.25244  4.11966798E-15
  5086.30957  4.20236E-15
  5090.3667  4.43533302E-15
  5094.42383  4.38264291E-15
  5098.48096  4.20773781E-15
  5102.53809  4.43752006E-15
  5106.59521  4.56820793E-15
  5110.65186  4.61558502E-15
  5114.70898  4.6926341E-15
  5118.76611  4.82856807E-15
  5122.82324  4.61282793E-15
  5126.88037  4.79148793E-15
  5130.9375  4.79002383E-15
  5134.99463  4.86267088E-15
  5139.05176  4.97412898E-15
  5143.10889  4.9265702E-15
  5147.16602  4.97964698E-15
  5151.22314  4.76713616E-15
  5155.28027  4.80207796E-15
  5159.3374  4.81538019E-15
  5163.39453  4.87428709E-15
  5167.45166  5.02464603E-15
  5171.50879  4.89033879E-15
  5175.56592  4.68081206E-15
  5179.62305  4.72607115E-15
  5183.68018  4.78725192E-15
  5187.7373  4.77577801E-15
  5191.79395  4.67574299E-15
  5195.85107  4.58838679E-15
  5199.9082  4.69266417E-15
  5203.96533  4.5386541E-15
  5208.02246  4.69650293E-15
  5212.07959  4.66108721E-15
  5216.13672  4.50855394E-15
  5220.19385  4.60091992E-15
  5224.25098  4.89196298E-15
  5228.30811  4.90096101E-15
  5232.36523  4.84136801E-15
  5236.42236  4.77032693E-15
  5240.47949  4.65860794E-15
  5244.53662  4.85158407E-15
  5248.59375  4.73734516E-15
  5252.65088  4.40371794E-15
  5256.70801  4.32891688E-15
  5260.76514  4.41530112E-15
  5264.82227  4.32771113E-15
  5268.87939  4.30157805E-15
  5272.93652  4.07686487E-15
  5276.99316  3.91084599E-15
  5281.05029  3.85871492E-15
  5285.10742  3.69103204E-15
  5289.16455  3.70527194E-15
  5293.22168  3.59688602E-15
  5297.27881  3.62974921E-15
  5301.33594  3.58062003E-15
  5305.39307  3.60193985E-15
  5309.4502  3.26908004E-15
  5313.50732  3.34116402E-15
  5317.56445  3.40258895E-15
  5321.62158  3.32684896E-15
  5325.67871  3.40407104E-15
  5329.73584  3.46076804E-15
  5333.79297  3.42534809E-15
  5337.8501  3.34435204E-15
  5341.90723  3.47013792E-15
  5345.96436  3.43318992E-15
  5350.02148  3.48016404E-15
  5354.07861  3.62208483E-15
  5358.13525  3.54477402E-15
  5362.19238  3.67026195E-15
  5366.24951  3.62858708E-15
  5370.30664  3.65729514E-15
  5374.36377  3.49227004E-15
  5378.4209  3.57815008E-15
  5382.47803  3.71514495E-15
  5386.53516  3.80102096E-15
  5390.59229  3.7804279E-15
  5394.64941  3.6323928E-15
  5398.70654  3.65719308E-15
  5402.76367  3.87265793E-15
  5406.8208  3.87593086E-15
  5410.87793  3.77171405E-15
  5414.93506  3.9357369E-15
  5418.99219  3.97128094E-15
  5423.04932  4.11478695E-15
  5427.10645  3.79109797E-15
  5431.16357  3.62025397E-15
  5435.2207  3.69462897E-15
  5439.27734  3.68840793E-15
  5443.33447  3.51788305E-15
  5447.3916  3.5135041E-15
  5451.44873  3.49203203E-15
  5455.50586  3.41457002E-15
  5459.56299  3.45397102E-15
  5463.62012  3.46655201E-15
  5467.67725  3.22866704E-15
  5471.73438  3.14218709E-15
  5475.7915  3.12247896E-15
  5479.84863  3.19829794E-15
  5483.90576  3.2601989E-15
  5487.96289  3.19353804E-15
  5492.02002  3.1095291E-15
  5496.07715  3.24437399E-15
  5500.13428  3.20975406E-15
  5504.19141  3.16418094E-15
  5508.24854  3.11122592E-15
  5512.30566  3.13955197E-15
  5516.36279  3.30385095E-15
  5520.41992  3.33134098E-15
  5524.47656  3.21740298E-15
  5528.53369  3.39705994E-15
  5532.59082  3.61849595E-15
  5536.64795  3.65917301E-15
  5540.70508  3.84424802E-15
  5544.76221  3.93246015E-15
  5548.81934  4.06625917E-15
  5552.87646  4.05248811E-15
  5556.93359  4.26089887E-15
  5560.99072  4.38225794E-15
  5565.04785  4.36070815E-15
  5569.10498  4.28969587E-15
  5573.16211  4.31484089E-15
  5577.21924  4.74031613E-15
  5581.27637  4.98900204E-15
  5585.3335  4.69483215E-15
  5589.39062  4.65145221E-15
  5593.44775  4.76067795E-15
  5597.50488  4.6816591E-15
  5601.56201  4.85302614E-15
  5605.61865  4.84446179E-15
  5609.67578  4.68719996E-15
  5613.73291  4.756198E-15
  5617.79004  4.73598017E-15
  5621.84717  4.61751202E-15
  5625.9043  4.71740389E-15
  5629.96143  4.87784421E-15
  5634.01855  4.60571582E-15
  5638.07568  4.80844002E-15
  5642.13281  4.74967288E-15
  5646.18994  4.65685585E-15
  5650.24707  4.75230419E-15
  5654.3042  4.72101691E-15
  5658.36133  4.66364016E-15
  5662.41846  4.72477519E-15
  5666.47559  4.61119697E-15
  5670.53271  4.8367449E-15
  5674.58984  4.69907621E-15
  5678.64697  4.83018421E-15
  5682.7041  4.73781907E-15
  5686.76074  4.71107697E-15
  5690.81787  5.01975484E-15
  5694.875  5.01660218E-15
  5698.93213  4.797562E-15
  5702.98926  4.67788599E-15
  5707.04639  4.58326817E-15
  5711.10352  4.5754742E-15
  5715.16064  4.66544604E-15
  5719.21777  4.49193007E-15
  5723.2749  4.48481414E-15
  5727.33203  4.52030483E-15
  5731.38916  4.32853614E-15
  5735.44629  4.17050309E-15
  5739.50342  4.21498418E-15
  5743.56055  4.11085587E-15
  5747.61768  3.92130896E-15
  5751.6748  3.83876814E-15
  5755.73193  3.66485703E-15
  5759.78906  3.70892688E-15
  5763.84619  3.68681297E-15
  5767.90283  3.69970693E-15
  5771.95996  3.76490094E-15
  5776.01709  3.69030105E-15
  5780.07422  3.53582702E-15
  5784.13135  3.65011908E-15
  5788.18848  3.81520199E-15
  5792.24561  3.82446895E-15
  5796.30273  3.76029181E-15
  5800.35986  3.64657721E-15
  5804.41699  3.68612518E-15
  5808.47412  3.7848871E-15
  5812.53125  3.81867398E-15
  5816.58838  3.86793699E-15
  5820.64551  3.97410114E-15
  5824.70264  3.96221599E-15
  5828.75977  3.85992194E-15
  5832.81689  4.07210496E-15
  5836.87402  4.04894115E-15
  5840.93115  4.25580396E-15
  5844.98828  4.40227502E-15
  5849.04541  4.38319687E-15
  5853.10205  4.35093212E-15
  5857.15918  4.52685917E-15
  5861.21631  4.52318813E-15
  5865.27344  4.50264419E-15
  5869.33057  4.44868819E-15
  5873.3877  4.68625383E-15
  5877.44482  4.66055104E-15
  5881.50195  4.54709182E-15
  5885.55908  4.68073583E-15
  5889.61621  4.66554684E-15
  5893.67334  4.67394983E-15
  5897.73047  4.74066892E-15
  5901.7876  4.73902186E-15
  5905.84473  4.69270102E-15
  5909.90186  4.722254E-15
  5913.95898  4.78666704E-15
  5918.01611  4.81649997E-15
  5922.07324  4.82451501E-15
  5926.13037  4.83484712E-15
  5930.1875  4.83297391E-15
  5934.24414  4.67495398E-15
  5938.30127  4.41812301E-15
  5942.3584  4.45592905E-15
  5946.41553  4.556089E-15
  5950.47266  4.760052E-15
  5954.52979  4.99728094E-15
  5958.58691  4.89561792E-15
  5962.64404  4.94843805E-15
  5966.70117  4.86752015E-15
  5970.7583  4.85585312E-15
  5974.81543  4.99539121E-15
  5978.87256  4.95528801E-15
  5982.92969  4.96072003E-15
  5986.98682  4.90682121E-15
  5991.04395  4.86283902E-15
  5995.10107  5.08700587E-15
  5999.1582  5.00943882E-15
  6003.21533  4.90737305E-15
  6007.27246  5.02291512E-15
  6011.32959  4.95792397E-15
  6015.38623  4.78384896E-15
  6019.44336  4.7289481E-15
  6023.50049  4.71560394E-15
  6027.55762  4.63957681E-15
  6031.61475  4.71365915E-15
  6035.67188  4.68049697E-15
  6039.729  4.55070399E-15
  6043.78613  4.42136418E-15
  6047.84326  4.36073779E-15
  6051.90039  4.24997003E-15
  6055.95752  4.06903913E-15
  6060.01465  3.75948204E-15
  6064.07178  3.66737187E-15
  6068.12891  3.46383896E-15
  6072.18604  3.2867339E-15
  6076.24316  3.224942E-15
  6080.30029  2.97863096E-15
  6084.35742  2.88913092E-15
  6088.41455  2.7017001E-15
  6092.47168  2.57138599E-15
  6096.52881  2.53003405E-15
  6100.58545  2.40341597E-15
  6104.64258  2.36020204E-15
  6108.69971  2.31122998E-15
  6112.75684  2.23817297E-15
  6116.81396  2.20300395E-15
  6120.87109  2.12357195E-15
  6124.92822  1.99131601E-15
  6128.98535  2.03834709E-15
  6133.04248  1.96287095E-15
  6137.09961  1.914704E-15
  6141.15674  1.838121E-15
  6145.21387  1.77713399E-15
  6149.271  1.81906001E-15
  6153.32812  1.85729401E-15
  6157.38525  1.78651891E-15
  6161.44238  1.89687904E-15
  6165.49951  1.99981006E-15
  6169.55664  1.8605301E-15
  6173.61377  1.83970707E-15
  6177.6709  1.98108703E-15
  6181.72754  2.03922102E-15
  6185.78467  2.09223597E-15
  6189.8418  2.11440007E-15
  6193.89893  2.0993881E-15
  6197.95605  2.23801605E-15
  6202.01318  2.31094496E-15
  6206.07031  2.36148191E-15
  6210.12744  2.39928604E-15
  6214.18457  2.41331397E-15
  6218.2417  2.55032197E-15
  6222.29883  2.57634791E-15
  6226.35596  2.62457606E-15
  6230.41309  2.71470904E-15
  6234.47021  2.91704997E-15
  6238.52734  3.01638893E-15
  6242.58447  3.15350493E-15
  6246.6416  3.31525604E-15
  6250.69873  3.34530305E-15
  6254.75586  3.44822793E-15
  6258.81299  3.56996816E-15
  6262.86963  3.54876799E-15
  6266.92676  3.57113495E-15
  6270.98389  3.73300295E-15
  6275.04102  3.69123999E-15
  6279.09814  3.58366807E-15
  6283.15527  3.71689492E-15
  6287.2124  3.83542405E-15
  6291.26953  3.8483502E-15
  6295.32666  4.09133685E-15
  6299.38379  4.28970011E-15
  6303.44092  4.35836483E-15
  6307.49805  4.34986189E-15
  6311.55518  4.38434418E-15
  6315.6123  4.31274194E-15
  6319.66943  4.48057009E-15
  6323.72656  4.58090283E-15
  6327.78369  4.6909862E-15
  6331.84082  4.74466395E-15
  6335.89795  4.54239714E-15
  6339.95508  4.48282108E-15
  6344.01172  4.58168591E-15
  6348.06885  4.69891782E-15
  6352.12598  4.74496083E-15
  6356.18311  4.7415079E-15
  6360.24023  4.511876E-15
  6364.29736  4.65563189E-15
  6368.35449  4.85221003E-15
  6372.41162  4.84167082E-15
  6376.46875  4.70424904E-15
  6380.52588  4.73592596E-15
  6384.58301  4.88929313E-15
  6388.64014  4.82232798E-15
  6392.69727  4.78676191E-15
  6396.75439  4.880686E-15
  6400.81152  4.88703494E-15
  6404.86865  4.77035488E-15
  6408.92578  4.7187909E-15
  6412.98291  4.64311698E-15
  6417.04004  4.62865601E-15
  6421.09717  4.49964315E-15
  6425.1543  4.61812697E-15
  6429.21094  4.69094597E-15
  6433.26807  4.61003907E-15
  6437.3252  4.69393811E-15
  6441.38232  4.68034408E-15
  6445.43945  4.72073103E-15
  6449.49658  4.59697909E-15
  6453.55371  4.49028894E-15
  6457.61084  4.58896193E-15
  6461.66797  4.60876598E-15
  6465.7251  4.38416418E-15
  6469.78223  4.43521994E-15
  6473.83936  4.44574983E-15
  6477.89648  4.2524188E-15
  6481.95361  4.35190197E-15
  6486.01074  4.34566315E-15
  6490.06787  4.24339493E-15
  6494.125  4.27681885E-15
  6498.18213  4.33097306E-15
  6502.23926  4.2028788E-15
  6506.29639  4.16071393E-15
  6510.35303  4.20644905E-15
  6514.41016  4.13950592E-15
  6518.46729  4.01624314E-15
  6522.52441  4.07628084E-15
  6526.58154  4.09574692E-15
  6530.63867  4.20373897E-15
  6534.6958  4.09743506E-15
  6538.75293  4.07506196E-15
  6542.81006  4.02247985E-15
  6546.86719  3.96476006E-15
  6550.92432  3.8862689E-15
  6554.98145  3.86074017E-15
  6559.03857  3.9100502E-15
  6563.0957  3.95269195E-15
  6567.15283  4.09388091E-15
  6571.20996  3.92542808E-15
  6575.26709  3.86225086E-15
  6579.32422  3.8593972E-15
  6583.38135  3.8021039E-15
  6587.43848  3.78843702E-15
  6591.49512  3.78160993E-15
  6595.55225  3.73622803E-15
  6599.60938  3.82257202E-15
  6603.6665  3.85872381E-15
  6607.72363  3.76679194E-15
  6611.78076  3.9420151E-15
  6615.83789  4.16378485E-15
  6619.89502  4.0624471E-15
  6623.95215  3.79100014E-15
  6628.00928  3.61111109E-15
  6632.06641  3.71103684E-15
  6636.12354  3.85557116E-15
  6640.18066  3.97830115E-15
  6644.23779  3.86673209E-15
  6648.29492  3.54147503E-15
  6652.35205  3.47589203E-15
  6656.40918  3.51115994E-15
  6660.46631  3.54895306E-15
  6664.52344  3.59224386E-15
  6668.58057  3.53641189E-15
  6672.6377  3.51233392E-15
  6676.69434  3.36352696E-15
  6680.75146  3.34087392E-15
  6684.80859  3.37714005E-15
  6688.86572  3.40875895E-15
  6692.92285  3.408126E-15
  6696.97998  3.37482405E-15
  6701.03711  3.36823202E-15
  6705.09424  3.27298994E-15
  6709.15137  3.26360799E-15
  6713.2085  3.32228705E-15
  6717.26562  3.35890195E-15
  6721.32275  3.37545001E-15
  6725.37988  3.30771596E-15
  6729.43701  3.3168419E-15
  6733.49414  3.35737496E-15
  6737.55127  3.30271699E-15
  6741.6084  3.33409003E-15
  6745.66553  3.33683505E-15
  6749.72266  3.29506891E-15
  6753.77979  3.10631503E-15
  6757.83643  3.14632103E-15
  6761.89355  3.1712111E-15
  6765.95068  3.09247303E-15
  6770.00781  3.21951802E-15
  6774.06494  3.23428604E-15
  6778.12207  3.05963102E-15
  6782.1792  3.11791303E-15
  6786.23633  3.16606601E-15
  6790.29346  3.10828396E-15
  6794.35059  3.08490204E-15
  6798.40771  3.08916304E-15
  6802.46484  2.92868397E-15
  6806.52197  3.00750398E-15
  6810.5791  3.03091703E-15
  6814.63623  2.92281593E-15
  6818.69336  2.78762609E-15
  6822.75049  2.91889205E-15
  6826.80762  2.86704601E-15
  6830.86475  2.93926595E-15
  6834.92188  2.958699E-15
  6838.97852  2.96504201E-15
  6843.03564  2.97007E-15
  6847.09277  2.7617901E-15
  6851.1499  2.85492603E-15
  6855.20703  3.03228308E-15
  6859.26416  2.86914094E-15
  6863.32129  2.66722289E-15
  6867.37842  2.41374193E-15
  6871.43555  2.09938302E-15
  6875.49268  2.092694E-15
  6879.5498  2.28772609E-15
  6883.60693  2.44987996E-15
  6887.66406  2.38869792E-15
  6891.72119  2.38749196E-15
  6895.77832  2.39219003E-15
  6899.83545  2.41510502E-15
  6903.89258  2.50163198E-15
  6907.94971  2.50629299E-15
  6912.00684  2.59733908E-15
  6916.06396  2.64021101E-15
  6920.12109  2.64345091E-15
  6924.17773  2.60094595E-15
  6928.23486  2.76029403E-15
  6932.29199  2.70243003E-15
  6936.34912  2.70668701E-15
  6940.40625  2.6696399E-15
  6944.46338  2.64622707E-15
  6948.52051  2.63766208E-15
  6952.57764  2.78194906E-15
  6956.63477  2.6729391E-15
  6960.69189  2.69362301E-15
  6964.74902  2.68160107E-15
  6968.80615  2.68684399E-15
  6972.86328  2.67568899E-15
  6976.92041  2.81737304E-15
  6980.97754  2.77056896E-15
  6985.03467  2.7532681E-15
  6989.0918  2.6185329E-15
  6993.14893  2.62463598E-15
  6997.20605  2.79269092E-15
  7001.26318  2.79289802E-15
  7005.31982  2.8154219E-15
  7009.37695  2.68081206E-15
  7013.43408  2.76483899E-15
  7017.49121  2.68034407E-15
  7021.54834  2.62145199E-15
  7025.60547  2.70555198E-15
  7029.6626  2.86013507E-15
  7033.71973  2.63562793E-15
  7037.77686  2.68251396E-15
  7041.83398  2.70282898E-15
  7045.89111  2.74411993E-15
  7049.94824  2.60461107E-15
  7054.00537  2.5479939E-15
  7058.0625  2.38465503E-15
  7062.11963  2.48807204E-15
  7066.17676  2.65575894E-15
  7070.23389  2.57330303E-15
  7074.29102  2.54808602E-15
  7078.34814  2.60416002E-15
  7082.40527  2.683498E-15
  7086.46191  2.58522291E-15
  7090.51904  2.48634896E-15
  7094.57617  2.63457401E-15
  7098.6333  2.58896997E-15
  7102.69043  2.5988E-15
  7106.74756  2.63953296E-15
  7110.80469  2.43440297E-15
  7114.86182  2.53143991E-15
  7118.91895  2.61677404E-15
  7122.97607  2.49312904E-15
  7127.0332  2.48395694E-15
  7131.09033  2.47920509E-15
  7135.14746  2.4224219E-15
  7139.20459  2.44713007E-15
  7143.26172  2.41503895E-15
  7147.31885  2.52019195E-15
  7151.37598  2.49178098E-15
  7155.43311  2.61525298E-15
  7159.49023  2.5956971E-15
  7163.54736  2.440714E-15
  7167.604  2.38496611E-15
  7171.66113  2.40709399E-15
  7175.71826  2.40471997E-15
  7179.77539  2.40168802E-15
  7183.83252  2.40447899E-15
  7187.88965  2.26769609E-15
  7191.94678  2.34071202E-15
  7196.00391  2.48739399E-15
  7200.06104  2.26263909E-15
  7204.11816  2.41193691E-15
  7208.17529  2.42023105E-15
  7212.23242  2.27345591E-15
  7216.28955  2.36722309E-15
  7220.34668  2.33680402E-15
  7224.40381  2.45462694E-15
  7228.46094  2.48525205E-15
  7232.51807  2.3546779E-15
  7236.5752  2.43775108E-15
  7240.63232  2.522444E-15
  7244.68945  2.535101E-15
  7248.74658  2.46836391E-15
  7252.80322  2.3293999E-15
  7256.86035  2.38844911E-15
  7260.91748  2.45131398E-15
  7264.97461  2.35071802E-15
  7269.03174  2.30334008E-15
  7273.08887  2.34609005E-15
  7277.146  2.29409302E-15
  7281.20312  2.2844991E-15
  7285.26025  2.25218607E-15
  7289.31738  2.05935902E-15
  7293.37451  2.17106996E-15
  7297.43164  2.25761894E-15
  7301.48877  2.16989195E-15
  7305.5459  2.36320096E-15
  7309.60303  2.3136201E-15
  7313.66016  2.32668198E-15
  7317.71729  2.34802107E-15
  7321.77441  2.34118107E-15
  7325.83154  2.32244809E-15
  7329.88867  2.08729395E-15
  7333.94531  2.13868196E-15
  7338.00244  2.14506605E-15
  7342.05957  2.26835106E-15
  7346.1167  2.17187993E-15
  7350.17383  2.086434E-15
  7354.23096  2.08316805E-15
  7358.28809  2.19699891E-15
  7362.34521  2.36752697E-15
  7366.40234  2.23547601E-15
  7370.45947  2.18965704E-15
  7374.5166  2.19912792E-15
  7378.57373  2.20862401E-15
  7382.63086  2.17524096E-15
  7386.68799  2.35722789E-15
  7390.74512  2.10662494E-15
  7394.80225  2.06932796E-15
  7398.85938  2.05747606E-15
  7402.9165  2.07126301E-15
  7406.97363  2.14587009E-15
  7411.03076  2.04093796E-15
  7415.0874  1.96991806E-15
  7419.14453  1.94459897E-15
  7423.20166  1.90888891E-15
  7427.25879  1.88206105E-15
  7431.31592  1.9341991E-15
  7435.37305  1.64817397E-15
  7439.43018  1.62924797E-15
  7443.4873  1.52439895E-15
  7447.54443  1.544637E-15
  7451.60156  1.55061303E-15
  7455.65869  1.59086298E-15
  7459.71582  1.54967304E-15
  7463.77295  1.52766797E-15
  7467.83008  1.56899904E-15
  7471.88721  1.44213003E-15
  7475.94434  1.621436E-15
  7480.00146  1.42474097E-15
  7484.05859  1.36854796E-15
  7488.11572  1.44293005E-15
  7492.17285  1.56049896E-15
  7496.22998  1.55034897E-15
  7500.28662  1.55727696E-15
  7504.34375  1.51065203E-15
  7508.40088  1.65498295E-15
  7512.45801  1.49853797E-15
  7516.51514  1.59302196E-15
  7520.57227  1.69310303E-15
  7524.62939  1.64193599E-15
  7528.68652  1.57495104E-15
  7532.74365  1.57112605E-15
  7536.80078  1.60318805E-15
  7540.85791  1.59771198E-15
  7544.91504  1.71624101E-15
  7548.97217  1.78207601E-15
  7553.0293  1.64660198E-15
  7557.08643  1.71816504E-15
  7561.14355  1.78845798E-15
  7565.20068  1.60652197E-15
  7569.25781  1.61370703E-15
  7573.31494  1.683363E-15
  7577.37207  1.78706291E-15
  7581.42871  1.85425105E-15
  7585.48584  1.79365706E-15
  7589.54297  1.43805495E-15
  7593.6001  1.33693902E-15
  7597.65723  8.49512583E-16
  7601.71436  6.41625287E-16
  7605.77148  3.80665897E-16
  7609.82861  4.37240101E-16
  7613.88574  8.3093498E-16
  7617.94287  7.92020222E-16
  7622.  8.26657781E-16
  7626.05713  8.95823104E-16
  7630.11426  9.07581086E-16
  7634.17139  1.03615296E-15
  7638.22852  8.13395892E-16
  7642.28564  1.07361998E-15
  7646.34277  1.04255504E-15
  7650.3999  1.32025395E-15
  7654.45703  1.40257803E-15
  7658.51416  1.588234E-15
  7662.5708  1.66310398E-15
  7666.62793  1.70368597E-15
  7670.68506  1.87941597E-15
  7674.74219  1.80415096E-15
  7678.79932  1.87374106E-15
  7682.85645  1.89894792E-15
  7686.91357  1.99005902E-15
  7690.9707  1.98865993E-15
  7695.02783  2.01909404E-15
  7699.08496  2.20072395E-15
  7703.14209  2.02933699E-15
  7707.19922  2.14558104E-15
  7711.25635  2.07600406E-15
  7715.31348  2.08330803E-15
  7719.37061  1.92208801E-15
  7723.42773  1.80780103E-15
  7727.48486  1.94215105E-15
  7731.54199  1.90134693E-15
  7735.59912  1.90999598E-15
  7739.65625  2.29505398E-15
  7743.71289  2.41981304E-15
  7747.77002  2.20562594E-15
  7751.82715  2.299978E-15
  7755.88428  2.21102005E-15
  7759.94141  2.32186194E-15
  7763.99854  2.18050802E-15
  7768.05566  2.02165208E-15
  7772.11279  2.14659896E-15
  7776.16992  2.36667506E-15
  7780.22705  2.17050499E-15
  7784.28418  2.01816992E-15
  7788.34131  2.22447094E-15
  7792.39844  2.31477503E-15
  7796.45557  2.25882702E-15
  7800.5127  2.49890199E-15
  7804.56982  2.46869002E-15
  7808.62695  2.20661294E-15
  7812.68408  2.2446371E-15
  7816.74121  2.43887996E-15
  7820.79834  2.14198306E-15
  7824.85547  2.22154402E-15
  7828.91211  2.2310689E-15
  7832.96924  2.22729706E-15
  7837.02637  2.38234094E-15
  7841.0835  2.35705806E-15
  7845.14062  2.20745299E-15
  7849.19775  2.35172006E-15
  7853.25488  2.34224303E-15
  7857.31201  2.34213991E-15
  7861.36914  2.34445104E-15
  7865.42627  2.263383E-15
  7869.4834  2.35001604E-15
  7873.54053  2.18422692E-15
  7877.59766  2.10439809E-15
  7881.65479  2.278284E-15
  7885.71191  2.22664908E-15
  7889.76904  2.31860806E-15
  7893.82617  2.35241399E-15
  7897.8833  2.08694201E-15
  7901.94043  2.06803793E-15
  7905.99756  2.11212409E-15
  7910.0542  2.18677607E-15
  7914.11133  2.02658795E-15
  7918.16846  2.27998103E-15
  7922.22559  2.40171894E-15
  7926.28271  2.37868303E-15
  7930.33984  2.4262759E-15
  7934.39697  2.30482493E-15
  7938.4541  2.13555005E-15
  7942.51123  2.26578603E-15
  7946.56836  2.3623211E-15
  7950.62549  2.32640309E-15
  7954.68262  2.26947105E-15
  7958.73975  2.06165998E-15
  7962.79688  2.22250307E-15
  7966.854  2.46458403E-15
  7970.91113  2.49132401E-15
  7974.96826  2.43287302E-15
  7979.02539  2.34634797E-15
  7983.08252  2.20621907E-15
  7987.13965  1.95146693E-15
  7991.19629  2.20746103E-15
  7995.25342  2.12883605E-15
  7999.31055  1.83406795E-15
  8003.36768  1.85952997E-15
  8007.4248  2.06593602E-15
  8011.48193  2.22173502E-15
  8015.53906  2.10897905E-15
  8019.59619  2.00153907E-15
  8023.65332  2.10597992E-15
  8027.71045  2.23068795E-15
  8031.76758  2.23813506E-15
  8035.82471  2.23060706E-15
  8039.88184  2.29249997E-15
  8043.93896  2.32872396E-15
  8047.99609  2.24734295E-15
  8052.05322  2.24174109E-15
  8056.11035  2.35038599E-15
  8060.16748  2.15718095E-15
  8064.22461  1.9567901E-15
  8068.28174  1.98728202E-15
  8072.33887  1.97388492E-15
  8076.39551  2.09682201E-15
  8080.45264  2.14997693E-15
  8084.50977  1.92638099E-15
  8088.56689  1.77296701E-15
  8092.62402  1.94476393E-15
  8096.68115  2.01033402E-15
  8100.73828  1.94699099E-15
  8104.79541  1.9014761E-15
  8108.85254  1.72060704E-15
  8112.90967  1.712576E-15
  8116.9668  1.84120399E-15
  8121.02393  1.81221598E-15
  8125.08105  1.79352302E-15
  8129.13818  1.64610498E-15
  8133.19531  1.66565895E-15
  8137.25244  1.69362396E-15
  8141.30957  1.54729097E-15
  8145.3667  1.57639798E-15
  8149.42383  1.57593699E-15
  8153.48096  1.564622E-15
  8157.5376  1.41758598E-15
  8161.59473  1.36844504E-15
  8165.65186  1.39571304E-15
  8169.70898  1.30558599E-15
  8173.76611  1.25699605E-15
  8177.82324  1.43934901E-15
  8181.88037  1.481498E-15
  8185.9375  1.48759695E-15
  8189.99463  1.44939799E-15
  8194.05176  1.37962101E-15
  8198.1084  1.28092102E-15
  8202.16602  1.09518597E-15
  8206.22266  1.39627897E-15
  8210.28027  1.43532401E-15
  8214.33691  1.34094696E-15
  8218.39453  1.45494203E-15
  8222.45117  1.46803198E-15
  8226.50879  1.24758403E-15
  8230.56543  1.25014599E-15
  8234.62305  1.36271804E-15
  8238.67969  1.460744E-15
  8242.7373  1.32548501E-15
  8246.79395  1.17893995E-15
  8250.85156  1.25878E-15
  8254.9082  1.36484198E-15
  8258.96582  1.33765095E-15
  8263.02246  1.10532103E-15
  8267.08008  1.05884095E-15
  8271.13672  1.42325898E-15
  8275.19434  1.22739595E-15
  8279.25098  1.19164502E-15
  8283.30762  1.21912404E-15
  8287.36523  1.27824599E-15
  8291.42188  1.44511899E-15
  8295.47949  1.15389096E-15
  8299.53613  1.277434E-15
  8303.59375  1.21605704E-15
  8307.65039  1.13743205E-15
  8311.70801  1.33895104E-15
  8315.76465  1.33957901E-15
  8319.82227  1.44823597E-15
  8323.87891  1.40008797E-15
  8327.93652  1.37148801E-15
  8331.99316  1.20528003E-15
  8336.05078  9.5143357E-16
  8340.10742  9.71037618E-16
  8344.16504  1.26793601E-15
  8348.22168  1.32685699E-15
  8352.2793  1.31056802E-15
  8356.33594  1.27315204E-15
  8360.39355  1.26197904E-15
  8364.4502  1.59335897E-15
  8368.50684  1.58873301E-15
  8372.56445  1.54323103E-15
  8376.62109  1.52521305E-15
  8380.67871  1.43726996E-15
  8384.73535  1.28688E-15
  8388.79297  1.48128402E-15
  8392.84961  1.38117203E-15
  8396.90723  1.51856999E-15
  8400.96387  1.33377397E-15
  8405.02148  1.45035302E-15
  8409.07812  1.59423004E-15
  8413.13574  1.37087296E-15
  8417.19238  1.581929E-15
  8421.25  1.50831898E-15
  8425.30664  1.76068302E-15
  8429.36426  1.70316303E-15
  8433.4209  1.92899006E-15
  8437.47852  1.9934031E-15
  8441.53516  1.74068701E-15
  8445.5918  1.59488003E-15
  8449.64941  1.74485304E-15
  8453.70605  1.96350305E-15
  8457.76367  1.86757191E-15
  8461.82031  2.01739997E-15
  8465.87793  2.22553396E-15
  8469.93457  1.84283791E-15
  8473.99219  1.76044903E-15
  8478.04883  1.98816293E-15
  8482.10645  1.93342999E-15
  8486.16309  1.95515893E-15
  8490.2207  1.81746801E-15
  8494.27734  2.01502404E-15
  8498.33496  2.05378109E-15
  8502.3916  1.82385696E-15
  8506.44922  1.92003798E-15
  8510.50586  1.48083795E-15
  8514.56348  1.87933508E-15
  8518.62012  1.68373495E-15
  8522.67773  1.900808E-15
  8526.73438  1.93036903E-15
  8530.79102  2.22186398E-15
  8534.84863  2.06784502E-15
  8538.90527  2.18598409E-15
  8542.96289  2.69117995E-15
  8547.01953  2.25554604E-15
  8551.07715  2.39784609E-15
  8555.13379  2.40743704E-15
  8559.19141  2.31471108E-15
  8563.24805  2.32399307E-15
  8567.30566  2.29345796E-15
  8571.3623  2.03624306E-15
  8575.41992  1.89459099E-15
  8579.47656  1.9498889E-15
  8583.53418  2.01125792E-15
  8587.59082  2.17522995E-15
  8591.64844  2.1670781E-15
  8595.70508  2.10468693E-15
  8599.7627  2.48777198E-15
  8603.81934  2.34031201E-15
  8607.87695  2.13190697E-15
  8611.93359  2.31617708E-15
  8615.99023  2.7313759E-15
  8620.04785  2.66470996E-15
  8624.10449  2.27684807E-15
  8628.16211  2.30413502E-15
  8632.21875  2.31835311E-15
  8636.27637  2.65468808E-15
  8640.33301  2.36470105E-15
  8644.39062  2.39302308E-15
  8648.44727  1.79440499E-15
  8652.50488  1.98826797E-15
  8656.56152  1.77799098E-15
  8660.61914  1.64216797E-15
  8664.67578  1.89544904E-15
  8668.7334  2.19671494E-15
  8672.79004  1.32789895E-15
