  3667.14819  1.59166795E-16
  3669.66968  1.44481705E-16
  3672.19116  1.06751801E-16
  3674.71265  9.97383678E-17
  3677.23389  2.10782098E-17
  3679.75537  1.32833705E-16
  3682.27686  7.60313185E-17
  3684.79834  1.51036602E-16
  3687.31958  2.19201195E-16
  3689.84106  2.28335995E-16
  3692.36255  4.23389485E-17
  3694.88403  1.76436106E-20
  3697.40552  8.11546502E-17
  3699.92676  1.53200996E-16
  3702.44824  2.28201105E-16
  3704.96973  2.25717604E-16
  3707.49121  1.93989894E-16
  3710.0127  8.65286375E-17
  3712.53394  1.81447401E-16
  3715.05542  2.31829397E-16
  3717.5769  2.55678192E-16
  3720.09839  1.21444699E-16
  3722.61963  1.52138605E-16
  3725.14111  2.63806506E-16
  3727.6626  2.34926097E-16
  3730.18408  2.73869707E-16
  3732.70557  2.32381107E-16
  3735.22681  2.80156491E-16
  3737.74829  6.39086623E-17
  3740.26978  5.73286581E-18
  3742.79126  2.75629203E-17
  3745.31274  1.41631797E-16
  3752.87695  2.00200194E-16
  3755.39844  1.41292798E-16
  3757.91968  1.87134195E-16
  3760.44116  1.54498598E-16
  3762.96265  1.69764302E-16
  3765.48413  2.28392293E-17
  3768.00562  3.39753816E-17
  3770.52686  1.684802E-16
  3773.04834  1.22315303E-16
  3775.56982  1.07182102E-17
  3778.09131  1.47131899E-16
  3780.61279  1.17736997E-16
  3783.13403  5.83752476E-17
  3785.65552  4.47367201E-17
  3788.177  2.68138391E-16
  3790.69849  9.48510406E-17
  3793.21973  1.97677505E-16
  3795.74121  1.08582901E-16
  3798.2627  2.67112899E-16
  3800.78418  1.54717701E-16
  3803.30566  2.75442912E-16
  3805.8269  2.16199998E-16
  3808.34839  2.10934696E-16
  3810.86987  3.47917989E-16
  3813.39136  1.55189406E-16
  3815.91284  6.58136924E-17
  3818.43408  2.49456788E-16
  3820.95557  1.90831004E-16
  3823.47705  3.0493599E-16
  3825.99854  3.47452994E-16
  3828.51978  4.07721903E-16
  3831.04126  3.12840899E-16
  3833.56274  3.06373696E-16
  3836.08423  3.15414688E-16
  3838.60571  3.51675189E-16
  3841.12695  3.27994689E-16
  3843.64844  3.47628489E-16
  3846.16992  4.06740113E-16
  3848.69141  3.60983499E-16
  3851.21289  2.48734295E-16
  3853.73413  3.74724411E-16
  3856.25562  4.35846706E-16
  3858.7771  5.63249223E-16
  3861.29858  5.85455303E-16
  3863.81982  4.64956396E-16
  3866.34131  4.33653393E-16
  3868.86279  5.69774817E-16
  3871.38428  4.6169029E-16
  3873.90576  5.28352418E-16
  3876.427  4.68314087E-16
  3878.94849  4.02293613E-16
  3881.46997  5.02636604E-16
  3883.99146  4.57179681E-16
  3886.5127  3.91581108E-16
  3889.03418  3.48820794E-16
  3891.55566  3.98484612E-16
  3894.07715  6.48044579E-16
  3896.59863  4.90121586E-16
  3899.11987  4.93012774E-16
  3901.64136  4.54671616E-16
  3904.16284  5.17778588E-16
  3906.68433  6.11460803E-16
  3909.20581  4.80105421E-16
  3911.72705  4.56117289E-16
  3914.24854  4.96398418E-16
  3916.77002  4.69831918E-16
  3919.2915  4.884938E-16
  3921.81274  4.92576287E-16
  3924.33423  4.47255525E-16
  3926.85571  5.78368125E-16
  3929.3772  5.23893001E-16
  3931.89868  3.932914E-16
  3934.41992  4.33405689E-16
  3936.94141  3.87131088E-16
  3939.46289  3.41070998E-16
  3941.98438  3.7554201E-16
  3944.50586  3.84588189E-16
  3947.0271  4.63218125E-16
  3949.54858  4.79966508E-16
  3952.07007  4.80080222E-16
  3954.59155  4.69198019E-16
  3957.11279  4.25786495E-16
  3959.63428  4.67199022E-16
  3962.15576  4.056107E-16
  3964.67725  4.52073078E-16
  3967.19873  4.26335188E-16
  3969.71997  3.82572092E-16
  3972.24146  4.26829908E-16
  3974.76294  4.26194792E-16
  3977.28442  4.9963239E-16
  3979.80591  3.41351393E-16
  3982.32715  3.85378392E-16
  3984.84863  3.39129096E-16
  3987.37012  3.24612513E-16
  3989.8916  4.26649913E-16
  3992.41284  4.25746208E-16
  3994.93433  3.39719213E-16
  3997.45581  3.59125108E-16
  3999.97729  4.20359608E-16
  4002.49878  4.3962389E-16
  4005.02002  4.05252802E-16
  4007.5415  3.74579807E-16
  4010.06299  4.00241199E-16
  4012.58447  4.12041798E-16
  4015.10596  3.53144103E-16
  4017.6272  3.22737208E-16
  4020.14868  5.16999477E-16
  4022.67017  4.79804619E-16
  4025.19165  6.20767895E-16
  4027.71289  5.63836481E-16
  4030.23438  3.77623302E-16
  4032.75586  4.15171187E-16
  4035.27734  3.3662389E-16
  4037.79883  3.42572391E-16
  4040.32007  4.18093292E-16
  4042.84155  4.80285681E-16
  4045.36304  4.90903186E-16
  4047.88452  4.3531379E-16
  4050.40601  4.45774488E-16
  4052.92725  4.43894101E-16
  4055.44873  4.48990884E-16
  4057.97021  4.91135908E-16
  4060.4917  5.01621011E-16
  4063.01294  4.13053605E-16
  4065.53442  4.50033211E-16
  4068.05591  5.52201107E-16
  4070.57739  4.20197401E-16
  4073.09888  3.5549049E-16
  4075.62012  5.32692403E-16
  4078.1416  4.82697183E-16
  4080.66309  4.11318696E-16
  4083.18457  3.60460588E-16
  4085.70605  4.42918504E-16
  4088.22729  5.44337994E-16
  4090.74878  4.89813319E-16
  4093.27026  4.74677422E-16
  4095.79175  4.65872303E-16
  4098.31299  4.35429595E-16
  4100.83447  5.35643784E-16
  4103.35596  5.0012838E-16
  4105.87744  5.78390095E-16
  4108.39893  4.7144488E-16
  4110.92041  5.68825982E-16
  4113.44189  5.21802312E-16
  4115.96289  4.61723589E-16
  4118.48438  4.0643391E-16
  4121.00586  3.02657207E-16
  4123.52734  3.48135809E-16
  4126.04883  3.37443394E-16
  4128.57031  1.57365897E-16
  4131.0918  5.00810877E-16
  4133.61328  5.38542489E-16
  4136.13477  5.65201581E-16
  4138.65625  4.49449181E-16
  4141.17725  4.63978126E-16
  4143.69873  5.00569526E-16
  4146.22021  4.54608724E-16
  4148.7417  4.37208311E-16
  4151.26318  3.25393292E-16
  4153.78467  4.13180501E-16
  4156.30615  3.55123804E-16
  4158.82764  4.30786902E-16
  4161.34912  4.69397813E-16
  4163.87012  4.70629081E-16
  4166.3916  4.62754693E-16
  4168.91309  4.7765432E-16
  4171.43457  5.38946524E-16
  4173.95605  3.91922806E-16
  4176.47754  3.93888002E-16
  4178.99902  4.1604199E-16
  4181.52051  4.19269106E-16
  4184.04199  4.47179874E-16
  4186.56299  4.31436602E-16
  4189.08447  3.95877894E-16
  4191.60596  3.6503311E-16
  4194.12744  3.4259841E-16
  4196.64893  4.617436E-16
  4199.17041  4.31197395E-16
  4201.69189  3.57661488E-16
  4204.21338  3.19044303E-16
  4206.73486  2.40019597E-16
  4209.25635  3.835578E-16
  4211.77734  4.57313882E-16
  4214.29883  4.29736289E-16
  4216.82031  3.70065307E-16
  4219.3418  3.20742287E-16
  4221.86328  2.84671203E-16
  4224.38477  3.56526702E-16
  4226.90625  4.03469692E-16
  4229.42773  3.07877312E-16
  4231.94922  2.8338509E-16
  4234.47021  2.61604008E-16
  4236.9917  2.37853813E-16
  4239.51318  2.23672602E-16
  4242.03467  3.00468712E-16
  4244.55615  2.74255901E-16
  4247.07764  2.32807588E-16
  4249.59912  1.64226996E-16
  4252.12061  2.33743903E-16
  4254.64209  2.80480508E-16
  4257.16309  1.53672794E-16
  4259.68457  2.43941889E-16
  4262.20605  3.12591898E-16
  4264.72754  3.00902102E-16
  4267.24902  2.63287698E-16
  4269.77051  4.03621708E-16
  4272.29199  3.133632E-16
  4274.81348  3.30721288E-16
  4277.33496  2.98666411E-16
  4279.85645  1.95672896E-16
  4282.37744  2.42404789E-16
  4284.89893  1.91666999E-16
  4287.42041  1.85613506E-16
  4289.94189  1.95882603E-16
  4292.46338  2.13666404E-16
  4294.98486  2.17013904E-16
  4297.50635  3.165414E-16
  4300.02783  3.01392004E-16
  4302.54932  2.08867803E-16
  4305.07031  1.93705106E-16
  4307.5918  2.6247849E-16
  4310.11328  2.52418412E-16
  4312.63477  2.21000994E-16
  4315.15625  2.33071597E-16
  4317.67773  2.20023902E-16
  4320.19922  1.67708606E-16
  4322.7207  1.45421197E-16
  4325.24219  2.10068697E-16
  4327.76318  1.75997803E-16
  4330.28467  1.65387603E-16
  4332.80615  2.34711691E-16
  4335.32764  2.71430808E-16
  4337.84912  3.3854639E-16
  4340.37061  3.44101206E-16
  4342.89209  2.73520412E-16
  4345.41357  2.51842298E-16
  4347.93506  2.71013194E-16
  4350.45654  1.41207394E-16
  4352.97754  1.15448804E-16
  4355.49902  2.49940206E-16
  4358.02051  2.64124805E-16
  4360.54199  2.98032698E-16
  4363.06348  2.28334089E-16
  4365.58496  3.08865508E-16
  4368.10645  3.14621309E-16
  4370.62793  2.60291398E-16
  4373.14941  3.2172241E-16
  4375.67041  3.9470621E-16
  4378.19189  2.92162389E-16
  4380.71338  2.75560305E-16
  4383.23486  3.92416891E-16
  4385.75635  3.74252799E-16
  4388.27783  3.76649902E-16
  4390.79932  3.19960211E-16
  4393.3208  3.32339412E-16
  4395.84229  2.62704013E-16
  4398.36328  3.03590611E-16
  4400.88477  2.69072589E-16
  4403.40625  2.67393902E-16
  4405.92773  2.60311409E-16
  4408.44922  2.77197197E-16
  4410.9707  2.44129295E-16
  4413.49219  3.77877094E-16
  4416.01367  3.19518112E-16
  4418.53516  2.90851209E-16
  4421.05664  4.11013103E-16
  4423.57764  4.30047601E-16
  4426.09912  3.22143703E-16
  4428.62061  3.40333391E-16
  4431.14209  3.84450494E-16
  4433.66357  3.73608313E-16
  4436.18506  3.16864094E-16
  4438.70654  2.79888988E-16
  4441.22803  3.49174695E-16
  4443.74951  3.21572088E-16
  4446.27051  2.50732605E-16
  4448.79199  3.22958893E-16
  4451.31348  3.83304987E-16
  4453.83496  3.74431603E-16
  4456.35645  3.78629604E-16
  4458.87793  3.79665207E-16
  4461.39941  3.6233809E-16
  4463.9209  2.8042471E-16
  4466.44238  2.09195406E-16
  4468.96338  3.4790801E-16
  4471.48486  4.21171489E-16
  4474.00635  3.25748807E-16
  4476.52783  3.62808987E-16
  4479.04932  3.58651299E-16
  4481.5708  3.61250791E-16
  4484.09229  3.59789791E-16
  4486.61377  3.18485394E-16
  4489.13525  3.86725095E-16
  4491.65625  2.489712E-16
  4494.17773  3.5222891E-16
  4496.69922  4.05788206E-16
  4499.2207  3.888584E-16
  4501.74219  3.48497492E-16
  4504.26367  3.32616709E-16
  4506.78516  4.16770306E-16
  4509.30664  3.05102406E-16
  4511.82812  2.70718294E-16
  4514.34961  3.24268406E-16
  4516.87061  3.6145609E-16
  4519.39209  4.62386392E-16
  4521.91357  4.01398511E-16
  4524.43506  3.07161305E-16
  4526.95654  3.55506107E-16
  4529.47803  3.90169898E-16
  4531.99951  3.94207493E-16
  4534.521  3.44683011E-16
  4537.04248  3.31553709E-16
  4539.56348  3.62487988E-16
  4542.08496  3.57579909E-16
  4544.60645  3.54329605E-16
  4547.12793  4.08907511E-16
  4549.64941  4.42695788E-16
  4552.1709  4.51295978E-16
  4554.69238  3.29548597E-16
  4557.21387  4.29698411E-16
  4559.73535  4.173465E-16
  4562.25635  3.55220604E-16
  4564.77783  3.91716898E-16
  4567.29932  3.29130692E-16
  4569.8208  3.95071493E-16
  4572.34229  4.29231087E-16
  4574.86377  4.33350606E-16
  4577.38525  3.90202906E-16
  4579.90674  3.44790293E-16
  4582.42822  4.04668191E-16
  4584.94971  4.5775291E-16
  4587.4707  3.74804403E-16
  4589.99219  2.97281989E-16
  4592.51367  3.21894093E-16
  4595.03516  3.777831E-16
  4597.55664  4.64258811E-16
  4600.07812  3.95694009E-16
  4602.59961  2.85321989E-16
  4605.12109  3.1187499E-16
  4607.64258  3.95143596E-16
  4610.16357  3.27435091E-16
  4612.68506  2.75663908E-16
  4615.20654  2.96063611E-16
  4617.72803  2.83818506E-16
  4620.24951  3.12264811E-16
  4622.771  2.8590181E-16
  4625.29248  3.37416713E-16
  4627.81396  3.382125E-16
  4630.33545  2.64585591E-16
  4632.85645  2.94459093E-16
  4635.37793  2.99279398E-16
  4637.89941  2.7472169E-16
  4640.4209  2.66619899E-16
  4642.94238  2.50496706E-16
  4645.46387  2.2408479E-16
  4647.98535  1.96464805E-16
  4650.50684  3.13803393E-16
  4653.02832  2.98395387E-16
  4655.5498  2.61864497E-16
  4658.0708  2.87118705E-16
  4660.59229  2.62008387E-16
  4663.11377  2.74351113E-16
  4665.63525  2.44810812E-16
  4668.15674  2.41941012E-16
  4670.67822  2.14318103E-16
  4673.19971  2.81215494E-16
  4675.72119  2.16111496E-16
  4678.24268  1.95575699E-16
  4680.76367  2.51523893E-16
  4683.28516  3.06103705E-16
  4685.80664  3.20704912E-16
  4688.32812  2.51039707E-16
  4690.84961  2.62280099E-16
  4693.37109  3.22713491E-16
  4695.89258  2.95462191E-16
  4698.41406  3.09142197E-16
  4700.93555  2.51694993E-16
  4703.45654  2.34329097E-16
  4705.97803  2.63198495E-16
  4708.49951  3.44024205E-16
  4711.021  2.57902395E-16
  4713.54248  1.89102898E-16
  4716.06396  2.17830894E-16
  4718.58545  1.39479804E-16
  4721.10693  1.64842802E-16
  4723.62842  2.39433397E-16
  4726.1499  2.86577292E-16
  4728.6709  2.3525231E-16
  4731.19238  1.730073E-16
  4733.71387  2.48833398E-16
  4736.23535  2.98068803E-16
  4738.75684  2.43805702E-16
  4741.27832  2.25543513E-16
  4743.7998  2.23945797E-16
  4746.32129  1.73601904E-16
  4748.84277  1.58008994E-16
  4751.36377  2.50667807E-16
  4753.88525  1.75157003E-16
  4756.40674  2.248891E-16
  4758.92822  2.75136312E-16
  4761.44971  1.70498905E-16
  4763.97119  1.68550702E-16
  4766.49268  2.23288711E-16
  4769.01416  2.31535503E-16
  4771.53564  1.87149296E-16
  4774.05664  1.02135398E-16
  4776.57812  1.23718995E-16
  4779.09961  1.95678296E-16
  4781.62109  1.85672295E-16
  4784.14258  2.40579698E-16
  4786.66406  2.58613108E-16
  4789.18555  2.99725097E-16
  4791.70703  2.71939001E-16
  4794.22852  1.96868403E-16
  4796.75  2.44169794E-16
  4799.271  2.54353697E-16
  4801.79248  2.90044198E-16
  4804.31396  2.75847502E-16
  4806.83545  2.17487303E-16
  4809.35693  2.65989389E-16
  4811.87842  2.33083403E-16
  4814.3999  2.46247407E-16
  4816.92139  4.09647103E-16
  4819.44287  3.25753493E-16
  4821.96387  1.72924503E-16
  4824.48535  2.01614501E-16
  4827.00684  1.82345296E-16
  4829.52832  2.37843411E-16
  4832.0498  1.60794303E-16
  4834.57129  1.79362403E-16
  4837.09277  2.89186498E-16
  4839.61426  2.57153803E-16
  4842.13574  2.26181593E-16
  4844.65674  2.34743508E-16
  4847.17822  2.32487806E-16
  4849.69971  2.23196093E-16
  4852.22119  2.26578693E-16
  4854.74268  2.48888297E-16
  4857.26416  2.4893041E-16
  4859.78564  1.87962196E-16
  4862.30713  1.33359805E-16
  4864.82861  1.63409795E-16
  4867.3501  1.23366894E-16
  4869.87109  1.23851199E-16
  4872.39258  2.07066402E-16
  4874.91406  2.95609893E-16
  4877.43555  2.54939897E-16
  4879.95703  3.18021008E-16
  4882.47852  3.05327796E-16
  4885.  2.26129712E-16
  4887.52148  2.39305601E-16
  4890.04297  2.3438111E-16
  4892.56396  2.19937902E-16
  4895.08545  2.45496009E-16
  4897.60693  2.349275E-16
  4900.12842  2.58961795E-16
  4902.6499  2.24165496E-16
  4905.17139  2.35673392E-16
  4907.69287  2.05033894E-16
  4910.21436  1.96817198E-16
  4912.73584  2.02159898E-16
  4915.25684  2.38489697E-16
  4917.77832  2.61445401E-16
  4920.2998  2.31291187E-16
  4922.82129  1.45594601E-16
  4925.34277  1.27831804E-16
  4927.86426  1.88255799E-16
  4930.38574  2.01777899E-16
  4932.90723  2.08113706E-16
  4935.42871  1.69493503E-16
  4937.9502  1.910279E-16
  4940.47119  2.26933309E-16
  4942.99268  2.07629004E-16
  4945.51416  2.53087012E-16
  4948.03564  1.87659699E-16
  4950.55713  2.21819599E-16
  4953.07861  2.78110589E-16
  4955.6001  2.34197304E-16
  4958.12158  1.94275596E-16
  4960.64307  1.80091698E-16
  4963.16406  1.90923198E-16
  4965.68555  2.34465099E-16
  4968.20703  2.42449205E-16
  4970.72852  2.5500001E-16
  4973.25  2.32850892E-16
  4975.77148  2.49688399E-16
  4978.29297  2.36851191E-16
  4980.81445  2.66357689E-16
  4983.33594  3.027827E-16
  4985.85693  2.46157489E-16
  4988.37842  1.87310894E-16
  4990.8999  2.42395895E-16
  4993.42139  2.85733092E-16
  4995.94287  2.57897101E-16
  4998.46436  2.78448397E-16
  5000.98584  3.1822689E-16
  5003.50732  3.29257509E-16
  5006.02881  2.55218094E-16
  5008.55029  2.19115896E-16
  5011.07129  2.20815904E-16
  5013.59277  2.42474696E-16
  5016.11426  3.31970688E-16
  5018.63574  2.87178103E-16
  5021.15723  2.88747391E-16
  5023.67871  2.81576913E-16
  5026.2002  1.52497297E-16
  5028.72168  1.72058306E-16
  5031.24316  2.74428193E-16
  5033.76416  2.35549804E-16
  5036.28564  2.55687695E-16
  5038.80713  2.8444089E-16
  5041.32861  2.72657894E-16
  5043.8501  2.05367903E-16
  5046.37158  3.06415492E-16
  5048.89307  2.94626911E-16
  5051.41455  2.54692405E-16
  5053.93604  2.77036896E-16
  5056.45703  2.86340308E-16
  5058.97852  3.04435209E-16
  5061.5  2.67496896E-16
  5064.02148  2.12583194E-16
  5066.54297  2.77386588E-16
  5069.06445  2.381764E-16
  5071.58594  3.3711689E-16
  5074.10742  3.44710699E-16
  5076.62891  3.391895E-16
  5079.1499  3.78046607E-16
  5081.67139  3.88476812E-16
  5084.19287  2.58163307E-16
  5086.71436  2.05807897E-16
  5089.23584  2.63878795E-16
  5091.75732  2.88376787E-16
  5094.27881  3.33690588E-16
  5096.80029  3.72812711E-16
  5099.32178  3.63883395E-16
  5101.84326  3.08968397E-16
  5104.36426  3.38728793E-16
  5106.88574  3.26934204E-16
  5109.40723  3.18873203E-16
  5111.92871  3.91941097E-16
  5114.4502  3.94050897E-16
  5116.97168  3.62142107E-16
  5119.49316  3.16352592E-16
  5122.01465  2.53397794E-16
  5124.53613  2.79880491E-16
  5127.05713  3.38091295E-16
  5129.57861  3.31487509E-16
  5132.1001  3.31646195E-16
  5134.62158  3.62763909E-16
  5137.14307  3.74839608E-16
  5139.66455  3.13877588E-16
  5142.18604  3.23920593E-16
  5144.70752  3.31336101E-16
  5147.229  2.74982894E-16
  5149.75  2.64809896E-16
  5152.27148  2.60041497E-16
  5154.79297  2.35580906E-16
  5157.31445  2.2699141E-16
  5159.83594  1.81250704E-16
  5162.35742  3.00539413E-16
  5164.87891  2.94151196E-16
  5167.40039  2.3574351E-16
  5169.92188  2.65291513E-16
  5172.44336  2.75743688E-16
  5174.96436  2.70758608E-16
  5177.48584  2.73180487E-16
  5180.00732  2.77426292E-16
  5182.52881  2.84906705E-16
  5185.05029  2.48557292E-16
  5187.57178  2.12838694E-16
  5190.09326  2.75137001E-16
  5192.61475  2.94408403E-16
  5195.13623  3.00469109E-16
  5197.65723  3.31602202E-16
  5200.17871  4.1066529E-16
  5202.7002  3.08426295E-16
  5205.22168  2.73666313E-16
  5207.74316  3.15927196E-16
  5210.26465  2.87376388E-16
  5212.78613  2.58577401E-16
  5215.30762  2.91057911E-16
  5217.8291  3.12517491E-16
  5220.3501  2.78450302E-16
  5222.87158  2.73859093E-16
  5225.39307  2.51451895E-16
  5227.91455  2.83654102E-16
  5230.43604  2.462905E-16
  5232.95752  1.66645196E-16
  5235.479  1.76207205E-16
  5238.00049  2.15053102E-16
  5240.52197  2.53993205E-16
  5243.04346  2.76558692E-16
  5245.56445  2.76633708E-16
  5248.08594  3.32486107E-16
  5250.60742  3.30033894E-16
  5253.12891  2.61943113E-16
  5255.65039  2.88420807E-16
  5258.17188  2.689868E-16
  5260.69336  2.20329099E-16
  5263.21484  2.61882206E-16
  5265.73633  2.66173989E-16
  5268.25732  2.40690606E-16
  5270.77881  2.21795498E-16
  5273.30029  2.04388296E-16
  5275.82178  2.34836999E-16
  5278.34326  2.68138788E-16
  5280.86475  2.91118395E-16
  5283.38623  2.43986702E-16
  5285.90771  2.54556694E-16
  5288.4292  2.02814006E-16
  5290.9502  2.155472E-16
  5293.47168  2.26391499E-16
  5295.99316  2.47468193E-16
  5298.51465  2.51224811E-16
  5301.03613  2.24550393E-16
  5303.55762  2.25903793E-16
  5306.0791  2.12771699E-16
  5308.60059  2.30145496E-16
  5311.12207  2.76563404E-16
  5313.64355  2.38997387E-16
  5316.16455  2.62336798E-16
  5318.68604  2.27974391E-16
  5321.20752  2.56527687E-16
  5323.729  2.69756489E-16
  5326.25049  2.19459699E-16
  5328.77197  1.81168105E-16
  5331.29346  1.51070695E-16
  5333.81494  1.68505201E-16
  5336.33643  2.26471199E-16
  5338.85742  2.04087096E-16
  5341.37891  2.84323099E-16
  5343.90039  2.07137804E-16
  5346.42188  2.5987749E-16
  5348.94336  2.30608002E-16
  5351.46484  1.56356498E-16
  5353.98633  1.74962795E-16
  5356.50781  1.64885406E-16
  5359.0293  1.66660906E-16
  5361.55029  2.51881499E-16
  5364.07178  2.46845597E-16
  5366.59326  2.03118805E-16
  5369.11475  1.76914306E-16
  5371.63623  2.83351103E-16
  5374.15771  2.87420911E-16
  5376.6792  2.30880006E-16
  5379.20068  2.33954603E-16
  5381.72217  2.10298905E-16
  5384.24365  1.93537605E-16
  5386.76465  1.84053099E-16
  5389.28613  1.62520503E-16
  5391.80762  2.23959799E-16
  5394.3291  2.44452597E-16
  5396.85059  2.86509291E-16
  5399.37207  3.22702506E-16
  5401.89355  2.85012796E-16
  5404.41504  2.53048208E-16
  5406.93652  2.80143892E-16
  5409.45752  2.69772212E-16
  5411.979  2.44524489E-16
  5414.50049  2.53508094E-16
  5417.02197  2.44412495E-16
  5419.54346  2.32911402E-16
  5422.06494  2.60968389E-16
  5424.58643  2.94904606E-16
  5427.10791  2.48687312E-16
  5429.62939  2.33315808E-16
  5432.15039  2.04042098E-16
  5434.67188  2.38492899E-16
  5437.19336  2.26786904E-16
  5439.71484  2.21353201E-16
  5442.23633  2.42909594E-16
  5444.75781  2.12856997E-16
  5447.2793  2.26547406E-16
  5449.80078  1.94595602E-16
  5452.32227  1.95740103E-16
  5454.84375  2.49300087E-16
  5457.36475  2.16082194E-16
  5459.88623  1.77396201E-16
  5462.40771  1.13876195E-16
  5464.9292  1.65868705E-16
  5467.45068  2.42533803E-16
  5469.97217  2.22469604E-16
  5472.49365  2.12586595E-16
  5475.01514  1.86675699E-16
  5477.53662  1.63263496E-16
  5480.05762  1.32333003E-16
  5482.5791  1.88209794E-16
  5485.10059  2.93085205E-16
  5487.62207  2.05585802E-16
  5490.14355  1.82327402E-16
  5492.66504  2.250818E-16
  5495.18652  2.19882196E-16
  5497.70801  2.06245402E-16
  5500.22949  1.92236801E-16
  5502.75049  2.10877296E-16
  5505.27197  1.64295103E-16
  5507.79346  1.78421693E-16
  5510.31494  2.29237212E-16
  5512.83643  2.38399488E-16
  5515.35791  2.30429887E-16
  5517.87939  2.75065691E-16
  5520.40088  2.85256689E-16
  5522.92236  1.99315005E-16
  5525.44385  1.41782304E-16
  5527.96484  1.89700506E-16
  5530.48633  2.38418096E-16
  5533.00781  2.33269803E-16
  5535.5293  2.74985196E-16
  5538.05078  2.15146898E-16
  5540.57227  2.33767911E-16
  5543.09375  2.54972005E-16
  5545.61523  2.42559293E-16
  5548.13672  2.49133989E-16
  5550.65771  2.46044198E-16
  5553.1792  2.50481804E-16
  5555.70068  2.64409805E-16
  5558.22217  1.98170399E-16
  5560.74365  1.70675802E-16
  5563.26514  2.18776394E-16
  5565.78662  2.28967405E-16
  5568.30811  2.58250393E-16
  5570.82959  3.01547303E-16
  5573.35059  3.17683598E-16
  5575.87207  2.79287012E-16
  5578.39355  2.12713094E-16
  5580.91504  1.99282196E-16
  5583.43652  1.90156898E-16
  5585.95801  1.833431E-16
  5588.47949  3.21587493E-16
  5591.00098  2.36018902E-16
  5593.52246  2.46348495E-16
  5596.04395  2.21288694E-16
  5598.56494  2.15315405E-16
  5601.08643  2.53333393E-16
  5603.60791  2.12282894E-16
  5606.12939  2.19342199E-16
  5608.65088  2.28976087E-16
  5611.17236  2.37683904E-16
  5613.69385  2.14291104E-16
  5616.21533  2.41365109E-16
  5618.73682  2.42666204E-16
  5621.25781  2.55132888E-16
  5623.7793  2.41376094E-16
  5626.30078  2.32290395E-16
  5628.82227  2.50017603E-16
  5631.34375  2.3643011E-16
  5633.86523  2.74791491E-16
  5636.38672  3.08869902E-16
  5638.9082  2.23150009E-16
  5641.42969  2.36479793E-16
  5643.95068  1.95585704E-16
  5646.47217  2.10141397E-16
  5648.99365  2.52060303E-16
  5651.51514  2.54862208E-16
  5654.03662  2.35531011E-16
  5656.55811  2.16111496E-16
  5659.07959  2.50476907E-16
  5661.60107  2.29642888E-16
  5664.12256  1.91809896E-16
  5666.64355  2.03879295E-16
  5669.16504  2.37130209E-16
  5671.68652  2.37015912E-16
  5674.20801  2.22533687E-16
  5676.72949  1.48874802E-16
  5679.25098  1.08714303E-16
  5681.77246  1.90990696E-16
  5684.29395  2.18065496E-16
  5686.81543  2.35027291E-16
  5689.33691  2.49150295E-16
  5691.85791  2.10425603E-16
  5694.37939  1.98756599E-16
  5696.90088  1.68012598E-16
  5699.42236  1.82051706E-16
  5701.94385  1.92622704E-16
  5704.46533  1.88869898E-16
  5706.98682  2.50622808E-16
  5709.5083  2.43834607E-16
  5712.02979  2.20635804E-16
  5714.55078  2.60603609E-16
  5717.07227  2.22527705E-16
  5719.59375  1.61472498E-16
  5722.11523  1.39279904E-16
  5724.63672  1.46721697E-16
  5727.1582  1.75721802E-16
  5729.67969  1.73919105E-16
  5732.20117  1.56126304E-16
  5734.72266  2.12993899E-16
  5737.24365  1.87294099E-16
  5739.76514  1.21235495E-16
  5742.28662  1.57412404E-16
  5744.80811  1.50090096E-16
  5747.32959  1.17510297E-16
  5749.85107  1.29847305E-16
  5752.37256  1.57707701E-16
  5754.89404  1.89965694E-16
  5757.41553  1.91584096E-16
  5759.93701  1.35852306E-16
  5762.45801  1.86801999E-16
  5764.97949  1.82114294E-16
  5767.50098  2.16761105E-16
  5770.02246  1.81692604E-16
  5772.54395  1.68495698E-16
  5775.06543  1.97709295E-16
  5777.58691  2.20563303E-16
  5780.1084  2.18922097E-16
  5782.62988  1.37727994E-16
  5785.15088  1.40386804E-16
  5787.67236  1.76053694E-16
  5790.19385  1.61120106E-16
  5792.71533  1.56574702E-16
  5795.23682  1.66538404E-16
  5797.7583  1.90236797E-16
  5800.27979  2.24261105E-16
  5802.80127  2.2850789E-16
  5805.32275  1.99415299E-16
  5807.84375  1.79677499E-16
  5810.36523  1.70676901E-16
  5812.88672  1.68207098E-16
  5815.4082  1.64427703E-16
  5817.92969  1.23903305E-16
  5820.45117  1.39591202E-16
  5822.97266  1.63279497E-16
  5825.49414  1.57811105E-16
  5828.01562  1.73047296E-16
  5830.53711  1.66941194E-16
  5833.05811  1.87342406E-16
  5835.57959  1.94831302E-16
  5838.10107  1.84495105E-16
  5840.62256  1.61944997E-16
  5843.14404  2.08763194E-16
  5845.66553  2.15953604E-16
  5848.18701  2.05432198E-16
  5850.7085  2.15043798E-16
  5853.22998  1.67532198E-16
  5855.75098  2.21826706E-16
  5858.27246  2.62308395E-16
  5860.79395  2.51615187E-16
  5863.31543  2.64117711E-16
  5865.83691  2.78779692E-16
  5868.3584  2.54019199E-16
  5870.87988  2.37539087E-16
  5873.40137  2.46743212E-16
  5875.92285  2.076519E-16
  5878.44385  1.61855105E-16
  5880.96533  2.36697507E-16
  5883.48682  2.32802294E-16
  5886.0083  2.14816304E-16
  5888.52979  2.36931394E-16
  5891.05127  2.25407193E-16
  5893.57275  2.16774895E-16
  5896.09424  2.37120494E-16
  5898.61572  2.41320798E-16
  5901.13721  2.51313008E-16
  5903.6582  2.18543196E-16
  5906.17969  1.69120994E-16
  5908.70117  2.30213602E-16
  5911.22266  2.32988006E-16
  5913.74414  2.22569209E-16
  5916.26562  2.22751295E-16
  5918.78711  2.26447509E-16
  5921.30859  2.233691E-16
  5923.83008  1.67245398E-16
  5926.35107  1.879652E-16
  5928.87256  1.57364997E-16
  5931.39404  1.91980706E-16
  5933.91553  2.63926599E-16
  5936.43701  2.55731291E-16
  5938.9585  2.29767507E-16
  5941.47998  1.98337595E-16
  5944.00146  1.37863705E-16
  5946.52295  1.65771005E-16
  5949.04395  2.26599313E-16
  5951.56543  2.00449301E-16
  5954.08691  2.17839695E-16
  5956.6084  2.29782807E-16
  5959.12988  1.96087399E-16
  5961.65137  1.59373405E-16
  5964.17285  1.47535603E-16
  5966.69434  1.40961503E-16
  5969.21582  1.34645998E-16
  5971.7373  1.64360695E-16
  5974.2583  2.08961202E-16
  5976.77979  2.31754699E-16
  5979.30127  1.51121994E-16
  5981.82275  1.26800303E-16
  5984.34424  1.46890402E-16
  5986.86572  1.60147805E-16
  5989.38721  1.85890896E-16
  5991.90869  1.42855204E-16
  5994.43018  1.24158195E-16
  5996.95117  1.75076099E-16
  5999.47266  1.57114699E-16
  6001.99414  1.17727402E-16
  6004.51562  1.10824302E-16
  6007.03711  1.14814694E-16
  6009.55859  1.09804097E-16
  6012.08008  1.11751796E-16
  6014.60156  1.30216797E-16
  6017.12305  1.37208895E-16
  6019.64404  1.504355E-16
  6022.16553  1.40628301E-16
  6024.68701  1.07627203E-16
  6027.2085  1.02989399E-16
  6029.72998  1.401445E-16
  6032.25146  1.45850894E-16
  6034.77295  1.24240305E-16
  6037.29443  1.72549598E-16
  6039.81592  1.941899E-16
  6042.3374  2.00557695E-16
  6044.8584  1.56083794E-16
  6047.37988  1.12723899E-16
  6049.90137  8.17739173E-17
  6052.42285  9.4064147E-17
  6054.94434  1.37256395E-16
  6057.46582  1.22748997E-16
  6059.9873  1.05469499E-16
  6062.50879  1.09255498E-16
  6065.03027  5.83983292E-17
  6067.55127  3.42698512E-17
  6070.07275  8.84501913E-17
  6072.59424  1.04759797E-16
  6075.11572  7.62319131E-17
  6077.63721  6.68898874E-17
  6080.15869  4.29799307E-17
  6082.68018  9.48774177E-17
  6085.20166  1.21028303E-16
  6087.72314  1.00920998E-16
  6090.24414  7.95894326E-17
  6092.76562  7.6027487E-17
  6095.28711  1.00627501E-16
  6097.80859  1.19816199E-16
  6100.33008  9.60617485E-17
  6102.85156  7.01142904E-17
  6105.37305  3.87982813E-17
  6107.89453  9.01402272E-17
  6110.41602  1.11837294E-16
  6112.9375  1.12068097E-16
  6115.4585  1.33835997E-16
  6117.97998  1.45447005E-16
  6120.50146  1.22610904E-16
  6123.02295  1.083679E-16
  6125.54443  1.36719906E-16
  6128.06592  1.14561894E-16
  6130.5874  1.51996807E-16
  6133.10889  1.19374802E-16
  6135.63037  8.37317612E-17
  6138.15137  8.65095197E-17
  6140.67285  8.20869622E-17
  6143.19434  9.74609873E-17
  6145.71582  8.12712032E-17
  6148.2373  1.23245094E-16
  6150.75879  1.45788095E-16
  6153.28027  8.67009425E-17
  6155.80176  1.13110397E-16
  6158.32324  1.43426196E-16
  6160.84424  9.89812725E-17
  6163.36572  1.25778305E-16
  6165.88721  1.64937697E-16
  6168.40869  1.15791694E-16
  6170.93018  1.11713799E-16
  6173.45166  1.38915494E-16
  6175.97314  1.46063606E-16
  6178.49463  1.38708196E-16
  6181.01611  1.32770006E-16
  6183.5376  1.25554595E-16
  6186.05859  1.22749103E-16
  6188.58008  1.33998005E-16
  6191.10156  1.34368701E-16
  6193.62305  1.07771E-16
  6196.14453  1.28640905E-16
  6198.66602  1.44142204E-16
  6201.1875  1.22112796E-16
  6203.70898  1.230041E-16
  6206.23047  1.29510398E-16
  6208.75146  1.14231697E-16
  6211.27295  1.72414298E-16
  6213.79443  1.72970097E-16
  6216.31592  1.22814801E-16
  6218.8374  1.29809506E-16
  6221.35889  1.48051698E-16
  6223.88037  1.30836296E-16
  6226.40186  1.37725996E-16
  6228.92334  1.49692003E-16
  6231.44434  1.89698799E-16
  6233.96582  1.56050402E-16
  6236.4873  1.88315396E-16
  6239.00879  2.2525621E-16
  6241.53027  1.87460501E-16
  6244.05176  1.59689097E-16
  6246.57324  1.69535405E-16
  6249.09473  1.55218099E-16
  6251.61621  1.71183797E-16
  6254.1377  1.87907999E-16
  6256.65869  1.80705797E-16
  6259.18018  1.52975805E-16
  6261.70166  1.32731797E-16
  6264.22314  1.59104194E-16
  6266.74463  1.98701396E-16
  6269.26611  1.73031904E-16
  6271.7876  1.54394505E-16
  6274.30908  1.41465395E-16
  6276.83057  1.715526E-16
  6279.35156  1.84047197E-16
  6281.87305  1.55903998E-16
  6284.39453  1.59100303E-16
  6286.91602  2.05913696E-16
  6289.4375  2.14185198E-16
  6291.95898  1.68763705E-16
  6294.48047  1.38692698E-16
  6297.00195  1.74638897E-16
  6299.52344  1.28026198E-16
  6302.04443  1.00554901E-16
  6304.56592  1.83926494E-16
  6307.0874  1.83311006E-16
  6309.60889  1.32167898E-16
  6312.13037  1.92842496E-16
  6314.65186  2.10065494E-16
  6317.17334  1.82222701E-16
  6319.69482  2.016183E-16
  6322.21631  2.2274391E-16
  6324.7373  1.67469597E-16
  6327.25879  1.04437098E-16
  6329.78027  1.33654295E-16
  6332.30176  2.09553106E-16
  6334.82324  1.99561796E-16
  6337.34473  1.84883602E-16
  6339.86621  2.077129E-16
  6342.3877  2.20681305E-16
  6344.90918  1.84045701E-16
  6347.43066  1.39914702E-16
  6349.95166  1.72696002E-16
  6352.47314  1.32542299E-16
  6354.99463  1.44784096E-16
  6357.51611  1.97843405E-16
  6360.0376  2.08160994E-16
  6362.55908  1.68830303E-16
  6365.08057  1.66516606E-16
  6367.60205  2.35096112E-16
  6370.12354  2.17850204E-16
  6372.64453  1.803792E-16
  6375.16602  1.88375204E-16
  6377.6875  1.82988802E-16
  6380.20898  1.84012098E-16
  6382.73047  1.79006795E-16
  6385.25195  1.33450001E-16
  6387.77344  1.58587795E-16
  6390.29492  1.90110603E-16
  6392.81641  1.55705607E-16
  6395.3374  1.42740695E-16
  6397.85889  1.71213602E-16
  6400.38037  2.13845405E-16
  6402.90186  2.16393003E-16
  6405.42334  1.73290302E-16
  6407.94482  1.97576497E-16
  6410.46631  1.63253597E-16
  6412.98779  1.697888E-16
  6415.50928  1.90291404E-16
  6418.03076  1.57831897E-16
  6420.55176  1.30832497E-16
  6423.07324  1.68354204E-16
  6425.59473  2.04283105E-16
  6428.11621  1.87922796E-16
  6430.6377  1.30981297E-16
  6433.15918  1.50770806E-16
  6435.68066  1.85106901E-16
  6438.20215  1.86934295E-16
  6440.72363  1.82017997E-16
  6443.24463  1.63600999E-16
  6445.76611  1.54019098E-16
  6448.2876  1.75462306E-16
  6450.80908  1.98056605E-16
  6453.33057  1.71939694E-16
  6455.85205  1.77064098E-16
  6458.37354  1.89678205E-16
  6460.89502  1.58360406E-16
  6463.4165  1.80541102E-16
  6465.9375  1.83032306E-16
  6468.45898  1.83231504E-16
  6470.98047  1.80202196E-16
  6473.50195  1.95902905E-16
  6476.02344  2.00957905E-16
  6478.54492  1.80383594E-16
  6481.06641  1.74283395E-16
  6483.58789  1.62792294E-16
  6486.10938  1.507052E-16
  6488.63086  1.28882601E-16
  6491.15186  1.20730597E-16
  6493.67334  1.51658999E-16
  6496.19482  1.67815901E-16
  6498.71631  1.42459097E-16
  6501.23779  1.41139896E-16
  6503.75928  1.20789903E-16
  6506.28076  1.43841494E-16
  6508.80225  1.64625896E-16
  6511.32373  1.38595806E-16
  6513.84473  1.05489298E-16
  6516.36621  1.27690296E-16
  6518.8877  1.77848398E-16
  6521.40918  1.65035304E-16
  6523.93066  1.60755498E-16
  6526.45215  1.50845106E-16
  6528.97363  1.359292E-16
  6531.49512  1.29675503E-16
  6534.0166  1.29887804E-16
  6536.5376  1.26318606E-16
  6539.05908  1.18647796E-16
  6541.58057  1.44965705E-16
  6544.10205  1.625468E-16
  6546.62354  1.30255297E-16
  6549.14502  1.48827103E-16
  6551.6665  1.75440998E-16
  6554.18799  1.176659E-16
  6556.70947  1.17110696E-16
  6559.23096  1.12318197E-16
  6561.75195  1.37195396E-16
  6564.27344  1.249329E-16
  6566.79492  1.134515E-16
  6569.31641  1.53809298E-16
  6571.83789  1.85673195E-16
  6574.35938  1.67937596E-16
  6576.88086  1.51286794E-16
  6579.40234  1.52569904E-16
  6581.92383  1.60996201E-16
  6584.44482  1.50319695E-16
  6586.96631  1.34944101E-16
  6589.48779  1.33743802E-16
  6592.00928  1.30615498E-16
  6594.53076  1.304395E-16
  6597.05225  1.05150002E-16
  6599.57373  1.25503694E-16
  6602.09521  9.92039628E-17
  6604.6167  8.42423103E-17
  6607.1377  1.55671699E-16
  6609.65918  1.68072102E-16
  6612.18066  1.38838904E-16
  6614.70215  1.62934397E-16
  6617.22363  1.63506595E-16
  6619.74512  1.61359499E-16
  6622.2666  1.86916402E-16
  6624.78809  2.01759304E-16
  6627.30957  1.83419201E-16
  6629.83105  1.47438194E-16
  6632.35205  1.29247805E-16
  6634.87354  1.29979204E-16
  6637.39502  1.64547797E-16
  6639.9165  1.772602E-16
  6642.43799  1.44488005E-16
  6644.95947  1.35405602E-16
  6647.48096  1.42488094E-16
  6650.00244  1.35386901E-16
  6652.52393  1.02819801E-16
  6655.04492  9.82403768E-17
  6657.56641  1.20209394E-16
  6660.08789  1.14376897E-16
  6662.60938  1.014692E-16
  6665.13086  1.38249396E-16
  6667.65234  1.18871704E-16
  6670.17383  1.08415003E-16
  6672.69531  9.69016677E-17
  6675.2168  1.170878E-16
  6677.73779  1.68054804E-16
  6680.25928  1.51595101E-16
  6682.78076  1.26946204E-16
  6685.30225  1.47022195E-16
  6687.82373  1.39064294E-16
  6690.34521  1.33613505E-16
  6692.8667  1.34348094E-16
  6695.38818  1.22105702E-16
  6697.90967  1.32302205E-16
  6700.43115  1.28104006E-16
  6702.95215  1.27511996E-16
  6705.47363  1.22651906E-16
  6707.99512  1.25081395E-16
  6710.5166  1.30399597E-16
  6713.03809  1.35441706E-16
  6715.55957  1.50589395E-16
  6718.08105  1.31489001E-16
  6720.60254  1.18326201E-16
  6723.12402  1.58710006E-16
  6725.64502  1.76087403E-16
  6728.1665  1.45508495E-16
  6730.68799  1.32564296E-16
  6733.20947  1.33417695E-16
  6735.73096  1.22519901E-16
  6738.25244  1.32048294E-16
  6740.77393  1.47645506E-16
  6743.29541  1.72498498E-16
  6745.81689  1.77515104E-16
  6748.33789  1.28458105E-16
  6750.85938  7.824267E-17
  6753.38086  4.47937195E-17
  6755.90234  1.02903101E-16
  6758.42383  1.41404196E-16
  6760.94531  1.27515596E-16
  6763.4668  1.14716504E-16
  6765.98828  1.06496102E-16
  6768.50977  1.153902E-16
  6771.03125  1.08773298E-16
  6773.55225  1.09888602E-16
  6776.07373  1.13245804E-16
  6778.59521  8.29865111E-17
  6781.1167  5.86839183E-17
  6783.63818  9.02447299E-17
  6786.15967  7.28063398E-17
  6788.68115  5.24896193E-17
  6791.20264  7.72098391E-17
  6793.72412  1.04576501E-16
  6796.24512  1.08686298E-16
  6798.7666  1.153418E-16
  6801.28809  1.14588404E-16
  6803.80957  8.48773931E-17
  6806.33105  9.67626682E-17
  6808.85254  1.35036401E-16
  6811.37402  9.94789705E-17
  6813.89551  4.5479611E-17
  6816.41699  9.03794015E-17
  6818.93799  1.19308799E-16
  6821.45947  1.43567704E-16
  6823.98096  1.76802405E-16
  6826.50244  1.89357498E-16
  6829.02393  1.81070604E-16
  6831.54541  1.75816405E-16
  6834.06689  1.70436502E-16
  6836.58838  1.65020401E-16
  6839.10986  1.59535506E-16
  6841.63135  1.54121602E-16
  6844.15234  1.48627402E-16
  6846.67383  1.43436705E-16
  6849.19531  1.37669403E-16
  6851.7168  1.25059505E-16
  6854.23828  1.00504899E-16
  6856.75977  1.04150397E-16
  6859.28125  1.16431997E-16
  6861.80273  1.02970103E-16
  6864.32422  8.9246978E-17
  6866.84521  1.027589E-16
  6869.3667  8.72014199E-17
  6871.88818  6.40721E-17
  6874.40967  9.58669706E-17
  6876.93115  1.16395403E-16
  6879.45264  7.89184832E-17
  6881.97412  6.3924167E-17
  6884.49561  9.84416E-17
  6887.01709  7.95139871E-17
  6889.53809  1.10947697E-16
  6892.05957  1.140548E-16
  6894.58105  8.45318897E-17
  6897.10254  9.28477481E-17
  6899.62402  9.55581477E-17
  6902.14551  1.14863597E-16
  6904.66699  7.60759068E-17
  6907.18848  5.45539312E-17
  6909.70996  9.06849818E-17
  6912.23096  1.00063503E-16
  6914.75244  6.35208404E-17
  6917.27393  9.29872968E-17
  6919.79541  9.83361709E-17
  6922.31689  1.079905E-16
  6924.83838  1.10709701E-16
  6927.35986  9.08521782E-17
  6929.88135  9.13454889E-17
  6932.40283  1.25762105E-16
  6934.92432  1.27387905E-16
  6937.44531  1.33509598E-16
  6939.9668  1.22885594E-16
  6942.48828  1.012021E-16
  6945.00977  8.56949585E-17
  6947.53125  6.90103683E-17
  6950.05273  8.06238385E-17
  6952.57422  5.95439479E-17
  6955.0957  5.96474513E-17
  6957.61719  1.30803698E-16
  6960.13818  1.64571699E-16
  6962.65967  9.32186493E-17
  6965.18115  7.72884411E-17
  6967.70264  1.05608498E-16
  6970.22412  1.23893405E-16
  6972.74561  1.26571498E-16
  6975.26709  1.29560293E-16
  6977.78857  1.26587896E-16
  6980.31006  1.12534203E-16
  6982.83105  1.20056597E-16
  6985.35254  1.25413101E-16
  6987.87402  1.10226899E-16
  6990.39551  1.15129301E-16
  6992.91699  1.20824406E-16
  6995.43848  8.43803568E-17
  6997.95996  9.56796638E-17
  7000.48145  9.2896479E-17
  7003.00293  9.4571791E-17
  7005.52441  1.01986466E-16
  7008.04541  1.07624589E-16
  7010.56689  1.09136443E-16
  7013.08838  1.02553158E-16
  7015.60986  8.71673202E-17
  7018.13135  8.47812615E-17
  7020.65283  1.0328009E-16
  7023.17432  1.22186594E-16
  7025.6958  1.28800928E-16
  7028.21729  1.19607709E-16
  7030.73828  9.38087202E-17
  7033.25977  7.22491178E-17
  7035.78125  7.49047514E-17
  7038.30273  9.08352971E-17
  7040.82422  9.67334853E-17
  7043.3457  8.93586606E-17
  7045.86719  8.22045343E-17
  7048.38867  8.25216158E-17
  7050.91016  8.63007195E-17
  7053.43115  8.61356142E-17
  7055.95264  8.87191176E-17
  7058.47412  1.03266061E-16
  7060.99561  1.20853218E-16
  7063.51709  1.31957675E-16
  7066.03857  1.37786889E-16
  7068.56006  1.4053166E-16
  7071.08154  1.35714425E-16
  7073.60303  1.27290457E-16
  7076.12451  1.24122951E-16
  7078.64551  1.1508012E-16
  7081.16699  9.24803741E-17
  7083.68848  7.45820319E-17
  7086.20996  7.6299775E-17
  7088.73145  9.20942197E-17
  7091.25293  1.13105064E-16
  7093.77441  1.33340443E-16
  7096.2959  1.47306573E-16
  7098.81738  1.50402532E-16
  7101.33838  1.37283222E-16
  7103.85986  1.21404465E-16
  7106.38135  1.24816419E-16
  7108.90283  1.36869791E-16
  7111.42432  1.35022346E-16
  7113.9458  1.27059852E-16
  7116.46729  1.29807151E-16
  7118.98877  1.37095882E-16
  7121.51025  1.32030109E-16
  7124.03125  1.24349797E-16
  7126.55273  1.36486813E-16
  7129.07422  1.52436059E-16
  7131.5957  1.46410016E-16
  7134.11719  1.23833252E-16
  7136.63867  9.64819364E-17
  7139.16016  7.39802282E-17
  7141.68164  7.24100541E-17
  7144.20312  9.21207887E-17
  7146.72461  1.14043762E-16
  7149.24561  1.21510661E-16
  7151.76709  1.19621963E-16
  7154.28857  1.22231659E-16
  7156.81006  1.2247878E-16
  7159.33154  1.07974096E-16
  7161.85303  9.23377483E-17
  7164.37451  9.30530941E-17
  7166.896  1.05241289E-16
  7169.41748  1.18517088E-16
  7171.93848  1.27891268E-16
  7174.45996  1.31108061E-16
  7176.98145  1.30590352E-16
  7179.50293  1.31075397E-16
  7182.02441  1.34992064E-16
  7184.5459  1.30321472E-16
  7187.06738  1.13999835E-16
  7189.58887  1.06192435E-16
  7192.11035  1.07515705E-16
  7194.63135  9.90022167E-17
  7197.15283  8.62718277E-17
  7199.67432  8.40833195E-17
  7202.1958  8.84534603E-17
  7204.71729  9.65580304E-17
  7207.23877  1.10135035E-16
  7209.76025  1.21385552E-16
  7212.28174  1.25483272E-16
  7214.80322  1.23684108E-16
  7217.32471  1.16919359E-16
  7219.8457  1.07239738E-16
  7222.36719  1.11143111E-16
  7224.88867  1.29709385E-16
  7227.41016  1.26935352E-16
  7229.93164  1.01243314E-16
  7232.45312  9.04418172E-17
  7234.97461  1.0109505E-16
  7237.49609  1.12355321E-16
  7240.01758  1.14583917E-16
  7242.53857  1.16684387E-16
  7245.06006  1.25249584E-16
  7247.58154  1.27361078E-16
  7250.10303  1.20245327E-16
  7252.62451  1.11647955E-16
  7255.146  1.04392668E-16
  7257.66748  1.05570044E-16
  7260.18896  1.15437276E-16
  7262.71045  1.21976596E-16
  7265.23145  1.20080552E-16
  7267.75293  1.12594396E-16
  7270.27441  1.09854595E-16
  7272.7959  1.14481069E-16
  7275.31738  1.17443183E-16
  7277.83887  1.23390572E-16
  7280.36035  1.37641319E-16
  7282.88184  1.41101898E-16
  7285.40332  1.24837039E-16
  7287.9248  1.11733413E-16
  7290.4458  1.12618007E-16
  7292.96729  1.11449895E-16
  7295.48877  1.08825767E-16
  7298.01025  1.20359755E-16
  7300.53174  1.32062799E-16
  7303.05322  1.19621169E-16
  7305.57471  9.58662758E-17
  7308.09619  8.8629663E-17
  7310.61768  9.06301431E-17
  7313.13867  8.68270313E-17
  7315.66016  8.90635689E-17
  7318.18164  1.00566951E-16
  7320.70312  1.04709472E-16
  7323.22461  9.45555585E-17
  7325.74609  8.49164294E-17
  7328.26758  8.28544534E-17
  7330.78906  7.72079399E-17
  7333.31055  6.82720798E-17
  7335.83154  6.69489151E-17
  7338.35303  7.15640072E-17
  7340.87451  7.61040243E-17
  7343.396  8.02035844E-17
  7345.91748  8.25601161E-17
  7348.43896  8.33720104E-17
  7350.96045  8.87424574E-17
  7353.48193  9.24400407E-17
  7356.00342  7.81032074E-17
  7358.5249  5.91043246E-17
  7361.0459  6.40202854E-17
  7363.56738  9.14279687E-17
  7366.08887  1.21078569E-16
  7368.61035  1.35444049E-16
  7371.13184  1.30734943E-16
  7373.65332  1.14958319E-16
  7376.1748  1.02531677E-16
  7378.69629  1.13561178E-16
  7381.21777  1.35081188E-16
  7383.73877  1.3378761E-16
  7386.26025  1.15885661E-16
  7388.78174  1.06251449E-16
  7391.30322  1.0412938E-16
  7393.82471  1.01025084E-16
  7396.34619  9.92851456E-17
  7398.86768  1.01149862E-16
  7401.38916  1.06044674E-16
  7403.91064  1.1137259E-16
  7406.43164  1.13003658E-16
  7408.95312  1.07372424E-16
  7411.47461  9.02869094E-17
  7413.99609  7.22654762E-17
  7416.51758  7.23093432E-17
  7419.03906  8.22155391E-17
  7421.56055  8.43460652E-17
  7424.08203  8.309243E-17
  7426.60352  8.43996202E-17
  7429.125  8.38899247E-17
  7431.646  7.78461329E-17
  7434.16748  6.85969699E-17
  7436.68896  6.45367042E-17
  7439.21045  6.90542882E-17
  7441.73193  7.47510877E-17
  7444.25342  8.01367217E-17
  7446.7749  8.8125149E-17
  7449.29639  8.804838E-17
  7451.81787  7.67114595E-17
  7454.33887  6.97899761E-17
  7456.86035  6.76304722E-17
  7459.38184  6.44886615E-17
  7461.90332  6.92602628E-17
  7464.4248  8.2922891E-17
  7466.94629  9.65523791E-17
  7469.46777  1.03090739E-16
  7471.98926  1.03164755E-16
  7474.51074  9.88144732E-17
  7477.03174  8.665691E-17
  7479.55322  8.13567337E-17
  7482.07471  8.35849267E-17
  7484.59619  7.71046945E-17
  7487.11768  7.3434236E-17
  7489.63916  8.70556376E-17
  7492.16064  9.96267976E-17
  7494.68213  9.49675738E-17
  7497.20361  8.94752931E-17
  7499.72461  8.82285267E-17
  7502.24609  7.5272999E-17
  7504.76758  5.50609731E-17
  7507.28906  4.42058256E-17
  7509.81055  4.99584003E-17
  7512.33203  6.90930135E-17
  7514.85352  8.43143809E-17
  7517.375  8.73690662E-17
  7519.89648  8.68553143E-17
  7522.41797  8.84296243E-17
  7524.93896  9.48706018E-17
  7527.46045  9.43083704E-17
  7529.98193  7.61433386E-17
  7532.50342  5.63343217E-17
  7535.0249  5.43664226E-17
  7537.54639  6.45071242E-17
  7540.06787  6.52513618E-17
  7542.58936  5.61255148E-17
  7545.11084  5.86280406E-17
  7547.63184  7.13588994E-17
  7550.15332  8.01267956E-17
  7552.6748  8.62788687E-17
  7555.19629  8.56787855E-17
  7557.71777  7.81286316E-17
  7560.23926  7.79971231E-17
  7562.76074  8.89665638E-17
  7565.28223  9.50335233E-17
  7567.80371  8.18655491E-17
  7570.32471  6.79931148E-17
  7572.84619  6.5161841E-17
  7575.36768  5.5725755E-17
  7580.41064  4.64026784E-17
  7582.93213  4.55649661E-17
  7585.45361  4.73874468E-17
  7587.9751  4.6670129E-17
  7590.49658  3.80491005E-17
  7593.01807  2.76465813E-17
  7595.53906  3.07476533E-17
  7598.06055  4.55716828E-17
  7600.58203  4.97100178E-17
  7603.10352  4.0210669E-17
  7605.625  3.71682425E-17
  7608.14648  4.50588937E-17
  7610.66797  5.27133551E-17
  7613.18945  6.06111895E-17
  7615.71094  6.50582383E-17
  7618.23193  5.73262568E-17
  7620.75342  5.15868079E-17
  7623.2749  6.07754875E-17
  7625.79639  6.77520942E-17
  7628.31787  5.65083009E-17
  7630.83936  4.4658085E-17
  7633.36084  4.67676966E-17
  7635.88232  4.68745882E-17
  7638.40381  3.88130514E-17
  7640.9248  3.74007431E-17
  7643.44629  5.03561021E-17
  7645.96777  6.72493272E-17
  7648.48926  7.22130594E-17
  7651.01074  7.38686316E-17
  7653.53223  9.10645585E-17
  7656.05371  1.04042579E-16
  7658.5752  8.80672398E-17
  7661.09668  6.43679726E-17
  7663.61816  5.47877917E-17
  7666.13916  6.68424404E-17
  7668.66064  1.00781601E-16
  7671.18213  1.19334766E-16
  7673.70361  1.03851004E-16
  7676.2251  9.09488789E-17
  7678.74658  1.0066209E-16
  7681.26807  1.07086253E-16
  7683.78955  9.79252011E-17
  7686.31104  8.6336361E-17
  7688.83203  7.43179296E-17
  7691.35352  5.88495331E-17
  7693.875  4.49270146E-17
  7696.39648  3.73740582E-17
  7698.91797  3.99483039E-17
  7701.43945  5.50362271E-17
  7703.96094  8.51533472E-17
  7706.48242  1.08478921E-16
  7709.00391  1.01494545E-16
  7711.5249  7.19514255E-17
  7714.04639  4.40770303E-17
  7716.56787  4.34415902E-17
  7719.08936  6.39975876E-17
  7721.61084  7.4062847E-17
  7724.13232  7.06127759E-17
  7726.65381  6.8347426E-17
  7729.17529  5.94287183E-17
  7734.21826  5.31599234E-17
  7736.73926  6.84591351E-17
  7739.26074  7.23718516E-17
  7741.78223  4.98546718E-17
  7744.30371  3.82772402E-17
  7746.8252  5.2124194E-17
  7754.38965  7.21556663E-17
  7756.91113  7.16959193E-17
  7761.95361  7.25885928E-17
  7764.4751  9.63402767E-17
  7766.99658  1.02926898E-16
  7769.51807  8.31146116E-17
  7772.03955  6.9095634E-17
  7774.56104  6.59779307E-17
  7777.08252  7.47660365E-17
  7779.604  7.8581192E-17
  7782.125  7.37632819E-17
  7784.64648  8.49307628E-17
  7787.16797  9.200321E-17
  7789.68945  7.7921671E-17
  7792.21094  6.55463013E-17
  7794.73242  5.85589875E-17
  7797.25391  5.07039349E-17
  7799.77539  6.1956344E-17
  7802.29688  8.48753946E-17
  7804.81836  8.43264577E-17
  7812.38232  7.17080425E-17
  7814.90381  6.92237676E-17
  7817.42529  6.13201694E-17
  7819.94678  4.42366332E-17
  7822.46826  3.55895253E-17
  7824.98975  4.31991634E-17
  7827.51123  5.34720716E-17
  7830.03223  5.25335029E-17
  7832.55371  4.59876852E-17
  7835.0752  4.71060003E-17
  7837.59668  4.39556631E-17
  7840.11816  3.82273811E-17
  7842.63965  4.1216471E-17
  7845.16113  5.11919846E-17
  7847.68262  7.06242638E-17
  7850.2041  8.11426263E-17
  7852.7251  7.52419896E-17
  7855.24658  7.46798774E-17
  7857.76807  9.41240812E-17
  7862.81104  1.15467545E-16
  7865.33252  9.60412476E-17
  7867.854  5.60396138E-17
  7870.37549  5.07286378E-17
  7872.89697  7.27596272E-17
  7875.41846  7.52929572E-17
  7877.93945  5.49053142E-17
  7882.98242  3.9378575E-17
  7885.50391  4.0041461E-17
  7888.02539  6.04463887E-17
  7890.54688  8.66914465E-17
  7893.06836  8.47286528E-17
  7895.58984  6.62323649E-17
  7900.63232  6.76357992E-17
  7903.15381  8.69807678E-17
  7905.67529  9.04344057E-17
  7908.19678  6.38082757E-17
  7910.71826  4.16071517E-17
  7918.28271  4.78148213E-17
  7920.8042  7.32181235E-17
  7923.3252  8.36173455E-17
  7925.84668  7.97984313E-17
  7928.36816  8.15214552E-17
  7930.88965  8.27497257E-17
  7933.41113  9.01640169E-17
  7935.93262  9.66682307E-17
  7938.4541  7.87176041E-17
  7940.97559  5.41331544E-17
  7943.49707  5.6047515E-17
  7946.01855  7.46296973E-17
  7948.53955  8.79361945E-17
  7956.104  9.56631665E-17
  7958.62549  9.06888398E-17
  7961.14697  6.75623059E-17
  7963.66846  4.16600847E-17
  7966.18994  2.64589584E-17
  7971.23242  2.96702274E-17
  7981.31836  4.73268906E-17
  7983.83984  6.90456922E-17
  7986.36133  8.85387195E-17
  7988.88281  1.03745634E-16
  7991.4043  1.1309081E-16
  7993.92529  1.10159427E-16
  7996.44678  9.2943218E-17
  8001.48975  6.08297968E-17
  8004.01123  3.62001368E-17
  8006.53271  4.18647854E-17
  8009.0542  6.39101446E-17
  8011.57568  7.31744484E-17
  8014.09717  6.52874004E-17
  8016.61865  5.7672594E-17
  8019.13965  7.21404792E-17
  8021.66113  1.01157512E-16
  8024.18262  1.06449708E-16
  8026.7041  8.57644616E-17
  8029.22559  7.61546147E-17
  8031.74707  8.29654875E-17
  8034.26855  9.71790312E-17
  8036.79004  9.51007962E-17
  8039.31152  7.32340914E-17
  8046.87549  7.23229023E-17
  8049.39697  9.15304729E-17
  8051.91846  8.73303409E-17
  8054.43994  7.21045862E-17
  8062.00439  7.31557673E-17
  8064.52539  7.8349641E-17
  8067.04688  7.74356859E-17
  8069.56836  7.56389966E-17
  8074.61133  6.94604405E-17
  8077.13281  6.70828985E-17
  8082.17578  6.49912499E-17
  8087.21826  6.65580226E-17
  8089.73975  7.2042197E-17
  8094.78271  6.5842379E-17
  8097.3042  4.98324074E-17
  8099.82568  4.94334748E-17
  8102.34717  6.53213214E-17
  8104.86865  7.15924423E-17
  8107.39014  7.67420188E-17
  8109.91162  9.44988999E-17
  8112.43262  9.7866822E-17
  8117.47559  7.54657916E-17
  8119.99707  5.55464685E-17
  8122.51855  4.39694274E-17
  8130.08301  4.56477106E-17
  8132.60449  6.60062931E-17
  8150.25439  9.43043205E-17
  8183.03271  9.7864261E-17
  8185.5542  7.39694881E-17
